counterbalancing_condition,consent_prescreening.block_1/declare_consent,consent_prescreening.block_1/age_years,consent_prescreening.block_1/gender,consent_prescreening.block_1/language_disorder,consent_prescreening.block_1/first_language,PROLIFIC_PID,STUDY_ID,SESSION_ID,date,expName,psychopyVersion,OS,frameRate,check_prescreening_answers.started,check_prescreening_answers.stopped,Instructions.started,Instructions.stopped,instr_done_keyboard.keys,instr_done_touch.x,instr_done_touch.y,instr_done_touch.leftButton,instr_done_touch.midButton,instr_done_touch.rightButton,instr_done_touch.clicked_name,instruction_pages.thisRepN,instruction_pages.thisTrialN,instruction_pages.thisN,instruction_pages.thisIndex,instruction_pages.ran,pageN,phase,instruct_text,has_image,instruct_image,instr_done_keyboard.rt,instr_done_keyboard.duration,presentTrial.started,presentTrial.stopped,response.keys,response.corr,rt,corr,feedback.started,feedback.stopped,practice_trials.thisRepN,practice_trials.thisTrialN,practice_trials.thisN,practice_trials.thisIndex,practice_trials.ran,TrialID,Gender,StimulusType,Condition,PrimeDuration,Prime,len,Flanker,corrAns,response.rt,response.duration,Break.started,Break.stopped,break_done_touch.x,break_done_touch.y,break_done_touch.leftButton,break_done_touch.midButton,break_done_touch.rightButton,break_done_keyboard.keys,experiment_trials.thisRepN,experiment_trials.thisTrialN,experiment_trials.thisN,experiment_trials.thisIndex,experiment_trials.ran,PairedWith,break_done_touch.clicked_name,End.started,End.stopped
1,"[""over_18"",""comfortable"",""read_info"",""consent_given""]",24,M,"[""none""]","[""spanish""]",5ef4c07dc8437809ba661613,676192165fb32c2e1fb7aee6,67d1941936d2f129390f63a1,2025-03-12_15h03.15.026,Tarea de decisión léxica,2024.2.5,Win32,59.88023952,,,,,,,,,,,,,,,,,,,,,,,,,,,,,,,,,,,,,,,,,,,,,,,,,,,,,,,,,,,,,,,,
,,,,,,5ef4c07dc8437809ba661613,676192165fb32c2e1fb7aee6,67d1941936d2f129390f63a1,2025-03-12_15h03.15.026,Tarea de decisión léxica,2024.2.5,Win32,59.88023952,15.2288,15.2289,,,,,,,,,,,,,,,,,,,,,,,,,,,,,,,,,,,,,,,,,,,,,,,,,,,,,,,,,,,,,,
,,,,,,5ef4c07dc8437809ba661613,676192165fb32c2e1fb7aee6,67d1941936d2f129390f63a1,2025-03-12_15h03.15.026,Tarea de decisión léxica,2024.2.5,Win32,59.88023952,,,15.2392,21.4178,,0.025694444,-0.370138889,1,0,0,instr_done_button,0,0,0,0,1,1,instructions,"INSTRUCCIONES
Va a realizar una prueba de decisión léxica. Desde el comienzo de la prueba mire siempre al centro de la pantalla. Se presentará una serie de cadenas de letras, una a la vez, en la pantalla. Su tarea consiste en determinar si cada cadena de letras constituye una palabra real en español o una no-palabra (una secuencia de letras que no constituye una palabra real). 

Pulse la tecla ESPACIO para continuar.",0,keyboardresponseWN.png,,,,,,,,,,,,,,,,,,,,,,,,,,,,,,,,,,,,,,,,,,,
,,,,,,5ef4c07dc8437809ba661613,676192165fb32c2e1fb7aee6,67d1941936d2f129390f63a1,2025-03-12_15h03.15.026,Tarea de decisión léxica,2024.2.5,Win32,59.88023952,,,21.4194,28.4066,space,0.018055556,-0.179861111,0,0,0,,0,1,1,1,1,2,instructions,"El procedimiento es el siguiente: Aparecerán dos barras verticales posicionadas en el centro de la pantalla, separadas por un pequeño espacio.Por favor, enfoque su atención en el espacio entre las barras. Esto preparará sus ojos para la siguiente cadena de letras, que aparecerá entre las dos barras durante un instante.

Pulse la tecla ESPACIO para continuar.",0,keyboardresponseWN.png,6.9657,,,,,,,,,,,,,,,,,,,,,,,,,,,,,,,,,,,,,,,,,,
,,,,,,5ef4c07dc8437809ba661613,676192165fb32c2e1fb7aee6,67d1941936d2f129390f63a1,2025-03-12_15h03.15.026,Tarea de decisión léxica,2024.2.5,Win32,59.88023952,,,28.4077,33.5273,space,0.011111111,-0.120138889,0,0,0,,0,2,2,2,1,3,instructions,"En el teclado de su dispositivo, pulse la tecla ""A"" si la cadena de letras es una palabra real en español (por ejemplo: ""mano"") y la tecla ""L"" si la cadena de letras es una no-palabra (por ejemplo: ""minu"").
Pulse la tecla ESPACIO para continuar.",1,keyboardresponseWN.png,5.0797,,,,,,,,,,,,,,,,,,,,,,,,,,,,,,,,,,,,,,,,,,
,,,,,,5ef4c07dc8437809ba661613,676192165fb32c2e1fb7aee6,67d1941936d2f129390f63a1,2025-03-12_15h03.15.026,Tarea de decisión léxica,2024.2.5,Win32,59.88023952,,,33.529,34.8117,space,0.011111111,-0.120138889,0,0,0,,0,3,3,3,1,4,instructions,"Es muy importante que responda con la mayor rapidez y precisión posibles. Si no responde dentro de 2 segundos, aparecerá el mensaje ""Muy lento"" y el experimento pasará a la siguiente palabra. Inmediatamente después de su respuesta se indicará si fue correcta o no. Los primeros 15 intentos serán de práctica y habrá dos descansos durante la prueba.

Pulse la tecla ESPACIO  para iniciar la parte de práctica.",0,keyboardresponseWN.png,1.2633,,,,,,,,,,,,,,,,,,,,,,,,,,,,,,,,,,,,,,,,,,
,,,,,,5ef4c07dc8437809ba661613,676192165fb32c2e1fb7aee6,67d1941936d2f129390f63a1,2025-03-12_15h03.15.026,Tarea de decisión léxica,2024.2.5,Win32,59.88023952,,,,,,,,,,,,,,,,,,,,,,,,34.8203,37.4639,,0,,-1,37.4641,37.9642,0,0,0,8,1,1009,FEM,WORD,AGR,150,viejo,5,la,l,,,,,,,,,,,,,,,,,,,
,,,,,,5ef4c07dc8437809ba661613,676192165fb32c2e1fb7aee6,67d1941936d2f129390f63a1,2025-03-12_15h03.15.026,Tarea de decisión léxica,2024.2.5,Win32,59.88023952,,,,,,,,,,,,,,,,,,,,,,,,37.9652,39.5988,l,1,0.9665,1,39.603,40.0992,0,1,1,4,1,1005,MAS,NOWORD,DIS,150,nobad,5,la,a,0.9665,,,,,,,,,,,,,,,,,,
,,,,,,5ef4c07dc8437809ba661613,676192165fb32c2e1fb7aee6,67d1941936d2f129390f63a1,2025-03-12_15h03.15.026,Tarea de decisión léxica,2024.2.5,Win32,59.88023952,,,,,,,,,,,,,,,,,,,,,,,,40.1001,41.3168,l,1,0.5503,1,41.3169,41.8172,0,2,2,0,1,1001,FEM,NOWORD,AGR,150,croz,4,la,a,0.5503,,,,,,,,,,,,,,,,,,
,,,,,,5ef4c07dc8437809ba661613,676192165fb32c2e1fb7aee6,67d1941936d2f129390f63a1,2025-03-12_15h03.15.026,Tarea de decisión léxica,2024.2.5,Win32,59.88023952,,,,,,,,,,,,,,,,,,,,,,,,41.818,43.0516,l,1,0.5762,1,43.0516,43.552,0,3,3,1,1,1002,FEM,NOWORD,DIS,150,mabo,4,el,a,0.5762,,,,,,,,,,,,,,,,,,
,,,,,,5ef4c07dc8437809ba661613,676192165fb32c2e1fb7aee6,67d1941936d2f129390f63a1,2025-03-12_15h03.15.026,Tarea de decisión léxica,2024.2.5,Win32,59.88023952,,,,,,,,,,,,,,,,,,,,,,,,43.5524,44.7362,l,1,0.516,1,44.7362,45.2367,0,4,4,3,1,1004,FEM,NOWORD,AGR,150,bireo,5,la,a,0.516,,,,,,,,,,,,,,,,,,
,,,,,,5ef4c07dc8437809ba661613,676192165fb32c2e1fb7aee6,67d1941936d2f129390f63a1,2025-03-12_15h03.15.026,Tarea de decisión léxica,2024.2.5,Win32,59.88023952,,,,,,,,,,,,,,,,,,,,,,,,45.2374,46.3876,a,1,0.4917,1,46.3876,46.8879,0,5,5,6,1,1007,MAS,WORD,DIS,150,masa,4,la,l,0.4917,,,,,,,,,,,,,,,,,,
,,,,,,5ef4c07dc8437809ba661613,676192165fb32c2e1fb7aee6,67d1941936d2f129390f63a1,2025-03-12_15h03.15.026,Tarea de decisión léxica,2024.2.5,Win32,59.88023952,,,,,,,,,,,,,,,,,,,,,,,,46.8884,47.9555,a,1,0.4015,1,47.9555,48.4559,0,6,6,5,1,1006,FEM,WORD,AGR,150,cara,4,la,l,0.4015,,,,,,,,,,,,,,,,,,
,,,,,,5ef4c07dc8437809ba661613,676192165fb32c2e1fb7aee6,67d1941936d2f129390f63a1,2025-03-12_15h03.15.026,Tarea de decisión léxica,2024.2.5,Win32,59.88023952,,,,,,,,,,,,,,,,,,,,,,,,48.4567,49.8904,l,1,0.7777,1,49.8905,50.3908,0,7,7,2,1,1003,FEM,NOWORD,DIS,150,muvor,5,el,a,0.7777,,,,,,,,,,,,,,,,,,
,,,,,,5ef4c07dc8437809ba661613,676192165fb32c2e1fb7aee6,67d1941936d2f129390f63a1,2025-03-12_15h03.15.026,Tarea de decisión léxica,2024.2.5,Win32,59.88023952,,,,,,,,,,,,,,,,,,,,,,,,50.3915,51.6418,a,1,0.5946,1,51.6418,52.1422,0,8,8,7,1,1008,MAS,WORD,DIS,150,frío,4,la,l,0.5946,,,,,,,,,,,,,,,,,,
,,,,,,5ef4c07dc8437809ba661613,676192165fb32c2e1fb7aee6,67d1941936d2f129390f63a1,2025-03-12_15h03.15.026,Tarea de decisión léxica,2024.2.5,Win32,59.88023952,,,,,,,,,,,,,,,,,,,,,,,,52.1427,53.3265,a,1,0.5234,1,53.3265,53.8268,0,9,9,9,1,1010,MAS,WORD,DIS,150,video,5,la,l,0.5234,,,,,,,,,,,,,,,,,,
,,,,,,5ef4c07dc8437809ba661613,676192165fb32c2e1fb7aee6,67d1941936d2f129390f63a1,2025-03-12_15h03.15.026,Tarea de decisión léxica,2024.2.5,Win32,59.88023952,,,59.5161,63.6181,space,0.011111111,-0.120138889,0,0,0,,,,,,,,,,,,4.0845,,63.6395,64.919,l,1,0.6008,1,64.9191,65.4195,,,,,,230,MAS,NOWORD,AGR,150,ador,,el,,0.6008,,65.4197,65.4221,0.011111111,-0.120138889,0,0,0,,0,0,0,229,1,amor,,,
,,,,,,5ef4c07dc8437809ba661613,676192165fb32c2e1fb7aee6,67d1941936d2f129390f63a1,2025-03-12_15h03.15.026,Tarea de decisión léxica,2024.2.5,Win32,59.88023952,,,,,,,,,,,,,,,,,,,,,,,,65.4238,66.487,a,1,0.3883,1,66.487,66.9873,,,,,,153,MAS,WORD,AGR,150,pato,,el,,0.3883,,66.9874,66.9874,0.011111111,-0.120138889,0,0,0,,0,1,1,152,1,tado,,,
,,,,,,5ef4c07dc8437809ba661613,676192165fb32c2e1fb7aee6,67d1941936d2f129390f63a1,2025-03-12_15h03.15.026,Tarea de decisión léxica,2024.2.5,Win32,59.88023952,,,,,,,,,,,,,,,,,,,,,,,,66.988,68.0883,a,1,0.4381,1,68.0884,68.5887,,,,,,397,FEM,WORD,DIS,150,tribu,,el,,0.4381,,68.5894,68.5897,0.011111111,-0.120138889,0,0,0,,0,2,2,396,1,trigi,,,
,,,,,,5ef4c07dc8437809ba661613,676192165fb32c2e1fb7aee6,67d1941936d2f129390f63a1,2025-03-12_15h03.15.026,Tarea de decisión léxica,2024.2.5,Win32,59.88023952,,,,,,,,,,,,,,,,,,,,,,,,68.5901,69.6728,a,1,0.4134,1,69.6728,70.1732,,,,,,461,FEM,WORD,DIS,150,tabla,,el,,0.4134,,70.1733,70.1733,0.011111111,-0.120138889,0,0,0,,0,3,3,460,1,pagra,,,
,,,,,,5ef4c07dc8437809ba661613,676192165fb32c2e1fb7aee6,67d1941936d2f129390f63a1,2025-03-12_15h03.15.026,Tarea de decisión léxica,2024.2.5,Win32,59.88023952,,,,,,,,,,,,,,,,,,,,,,,,70.1742,71.2574,a,1,0.4192,1,71.2575,71.7579,,,,,,251,MAS,WORD,DIS,150,señor,,la,,0.4192,,71.7579,71.7579,0.011111111,-0.120138889,0,0,0,,0,4,4,250,1,refor,,,
,,,,,,5ef4c07dc8437809ba661613,676192165fb32c2e1fb7aee6,67d1941936d2f129390f63a1,2025-03-12_15h03.15.026,Tarea de decisión léxica,2024.2.5,Win32,59.88023952,,,,,,,,,,,,,,,,,,,,,,,,71.7587,72.7753,a,0,0.3491,0,72.776,73.2758,,,,,,102,MAS,NOWORD,AGR,150,gito,,el,,0.3491,,73.2758,73.2759,0.011111111,-0.120138889,0,0,0,,0,5,5,101,1,tono,,,
,,,,,,5ef4c07dc8437809ba661613,676192165fb32c2e1fb7aee6,67d1941936d2f129390f63a1,2025-03-12_15h03.15.026,Tarea de decisión léxica,2024.2.5,Win32,59.88023952,,,,,,,,,,,,,,,,,,,,,,,,73.2763,74.4434,l,1,0.5099,1,74.4438,74.9437,,,,,,108,MAS,NOWORD,DIS,150,raot,,la,,0.5099,,74.9439,74.9439,0.011111111,-0.120138889,0,0,0,,0,6,6,107,1,saco,,,
,,,,,,5ef4c07dc8437809ba661613,676192165fb32c2e1fb7aee6,67d1941936d2f129390f63a1,2025-03-12_15h03.15.026,Tarea de decisión léxica,2024.2.5,Win32,59.88023952,,,,,,,,,,,,,,,,,,,,,,,,74.9444,76.0446,l,1,0.4409,1,76.0446,76.5451,,,,,,100,MAS,NOWORD,DIS,150,soro,,la,,0.4409,,76.5457,76.546,0.011111111,-0.120138889,0,0,0,,0,7,7,99,1,lobo,,,
,,,,,,5ef4c07dc8437809ba661613,676192165fb32c2e1fb7aee6,67d1941936d2f129390f63a1,2025-03-12_15h03.15.026,Tarea de decisión léxica,2024.2.5,Win32,59.88023952,,,,,,,,,,,,,,,,,,,,,,,,76.5464,77.5625,a,1,0.3451,1,77.5626,78.0629,,,,,,249,FEM,WORD,DIS,150,clase,,el,,0.3451,,78.0629,78.063,0.011111111,-0.120138889,0,0,0,,0,8,8,248,1,plane,,,
,,,,,,5ef4c07dc8437809ba661613,676192165fb32c2e1fb7aee6,67d1941936d2f129390f63a1,2025-03-12_15h03.15.026,Tarea de decisión léxica,2024.2.5,Win32,59.88023952,,,,,,,,,,,,,,,,,,,,,,,,78.0635,79.2639,l,1,0.5339,1,79.2639,79.7642,,,,,,82,FEM,NOWORD,AGR,150,vasa,,la,,0.5339,,79.7643,79.7643,0.011111111,-0.120138889,0,0,0,,0,9,9,81,1,dama,,,
,,,,,,5ef4c07dc8437809ba661613,676192165fb32c2e1fb7aee6,67d1941936d2f129390f63a1,2025-03-12_15h03.15.026,Tarea de decisión léxica,2024.2.5,Win32,59.88023952,,,,,,,,,,,,,,,,,,,,,,,,79.7649,80.8818,l,1,0.4531,1,80.8818,81.3822,,,,,,56,MAS,NOWORD,DIS,150,jado,,la,,0.4531,,81.3822,81.3823,0.011111111,-0.120138889,0,0,0,,0,10,10,55,1,gato,,,
,,,,,,5ef4c07dc8437809ba661613,676192165fb32c2e1fb7aee6,67d1941936d2f129390f63a1,2025-03-12_15h03.15.026,Tarea de decisión léxica,2024.2.5,Win32,59.88023952,,,,,,,,,,,,,,,,,,,,,,,,81.3828,82.3997,a,1,0.3554,1,82.3998,82.9001,,,,,,33,FEM,WORD,AGR,150,boca,,la,,0.3554,,82.9007,82.9011,0.011111111,-0.120138889,0,0,0,,0,11,11,32,1,loda,,,
,,,,,,5ef4c07dc8437809ba661613,676192165fb32c2e1fb7aee6,67d1941936d2f129390f63a1,2025-03-12_15h03.15.026,Tarea de decisión léxica,2024.2.5,Win32,59.88023952,,,,,,,,,,,,,,,,,,,,,,,,82.9014,84.0844,l,1,0.51,1,84.0844,84.5847,,,,,,234,FEM,NOWORD,AGR,150,fasa,,la,,0.51,,84.5848,84.5849,0.011111111,-0.120138889,0,0,0,,0,12,12,233,1,lana,,,
,,,,,,5ef4c07dc8437809ba661613,676192165fb32c2e1fb7aee6,67d1941936d2f129390f63a1,2025-03-12_15h03.15.026,Tarea de decisión léxica,2024.2.5,Win32,59.88023952,,,,,,,,,,,,,,,,,,,,,,,,84.5854,85.5856,a,1,0.3448,1,85.5856,86.086,,,,,,11,MAS,WORD,DIS,150,lado,,la,,0.3448,,86.086,86.086,0.011111111,-0.120138889,0,0,0,,0,13,13,10,1,bapo,,,
,,,,,,5ef4c07dc8437809ba661613,676192165fb32c2e1fb7aee6,67d1941936d2f129390f63a1,2025-03-12_15h03.15.026,Tarea de decisión léxica,2024.2.5,Win32,59.88023952,,,,,,,,,,,,,,,,,,,,,,,,86.0865,87.1701,a,1,0.4264,1,87.1702,87.6706,,,,,,223,FEM,WORD,DIS,150,cera,,el,,0.4264,,87.6706,87.6707,0.011111111,-0.120138889,0,0,0,,0,14,14,222,1,cira,,,
,,,,,,5ef4c07dc8437809ba661613,676192165fb32c2e1fb7aee6,67d1941936d2f129390f63a1,2025-03-12_15h03.15.026,Tarea de decisión léxica,2024.2.5,Win32,59.88023952,,,,,,,,,,,,,,,,,,,,,,,,87.6712,88.7381,a,1,0.4029,1,88.7382,89.2385,,,,,,209,MAS,WORD,AGR,150,velo,,el,,0.4029,,89.2385,89.2386,0.011111111,-0.120138889,0,0,0,,0,15,15,208,1,dero,,,
,,,,,,5ef4c07dc8437809ba661613,676192165fb32c2e1fb7aee6,67d1941936d2f129390f63a1,2025-03-12_15h03.15.026,Tarea de decisión léxica,2024.2.5,Win32,59.88023952,,,,,,,,,,,,,,,,,,,,,,,,89.2392,90.2893,a,1,0.3869,1,90.2893,90.7898,,,,,,465,FEM,WORD,DIS,150,aguja,,el,,0.3869,,90.7905,90.7909,0.011111111,-0.120138889,0,0,0,,0,16,16,464,1,asuba,,,
,,,,,,5ef4c07dc8437809ba661613,676192165fb32c2e1fb7aee6,67d1941936d2f129390f63a1,2025-03-12_15h03.15.026,Tarea de decisión léxica,2024.2.5,Win32,59.88023952,,,,,,,,,,,,,,,,,,,,,,,,90.7912,91.7738,a,1,0.3082,1,91.7739,92.2742,,,,,,361,FEM,WORD,AGR,150,torre,,la,,0.3082,,92.2743,92.2744,0.011111111,-0.120138889,0,0,0,,0,17,17,360,1,solle,,,
,,,,,,5ef4c07dc8437809ba661613,676192165fb32c2e1fb7aee6,67d1941936d2f129390f63a1,2025-03-12_15h03.15.026,Tarea de decisión léxica,2024.2.5,Win32,59.88023952,,,,,,,,,,,,,,,,,,,,,,,,92.2749,93.2417,a,1,0.3111,1,93.2417,93.7421,,,,,,475,FEM,WORD,AGR,150,manta,,la,,0.3111,,93.7421,93.7421,0.011111111,-0.120138889,0,0,0,,0,18,18,474,1,mucta,,,
,,,,,,5ef4c07dc8437809ba661613,676192165fb32c2e1fb7aee6,67d1941936d2f129390f63a1,2025-03-12_15h03.15.026,Tarea de decisión léxica,2024.2.5,Win32,59.88023952,,,,,,,,,,,,,,,,,,,,,,,,93.7429,94.7262,a,1,0.3233,1,94.7264,95.2266,,,,,,109,MAS,WORD,DIS,150,rayo,,la,,0.3233,,95.2266,95.2267,0.011111111,-0.120138889,0,0,0,,0,19,19,108,1,suno,,,
,,,,,,5ef4c07dc8437809ba661613,676192165fb32c2e1fb7aee6,67d1941936d2f129390f63a1,2025-03-12_15h03.15.026,Tarea de decisión léxica,2024.2.5,Win32,59.88023952,,,,,,,,,,,,,,,,,,,,,,,,95.2273,96.2108,a,1,0.3283,1,96.2108,96.7111,,,,,,323,FEM,WORD,AGR,150,cinta,,la,,0.3283,,96.7111,96.7112,0.011111111,-0.120138889,0,0,0,,0,20,20,322,1,certa,,,
,,,,,,5ef4c07dc8437809ba661613,676192165fb32c2e1fb7aee6,67d1941936d2f129390f63a1,2025-03-12_15h03.15.026,Tarea de decisión léxica,2024.2.5,Win32,59.88023952,,,,,,,,,,,,,,,,,,,,,,,,96.7118,97.7786,a,1,0.4022,1,97.7787,98.2791,,,,,,267,MAS,WORD,AGR,150,libro,,el,,0.4022,,98.2798,98.2801,0.011111111,-0.120138889,0,0,0,,0,21,21,266,1,figro,,,
,,,,,,5ef4c07dc8437809ba661613,676192165fb32c2e1fb7aee6,67d1941936d2f129390f63a1,2025-03-12_15h03.15.026,Tarea de decisión léxica,2024.2.5,Win32,59.88023952,,,,,,,,,,,,,,,,,,,,,,,,98.2804,99.2299,a,1,0.2751,1,99.23,99.7302,,,,,,343,FEM,WORD,AGR,150,plata,,la,,0.2751,,99.7302,99.7303,0.011111111,-0.120138889,0,0,0,,0,22,22,342,1,trada,,,
,,,,,,5ef4c07dc8437809ba661613,676192165fb32c2e1fb7aee6,67d1941936d2f129390f63a1,2025-03-12_15h03.15.026,Tarea de decisión léxica,2024.2.5,Win32,59.88023952,,,,,,,,,,,,,,,,,,,,,,,,99.7309,100.7644,a,1,0.3671,1,100.7644,101.2647,,,,,,181,FEM,WORD,AGR,150,seda,,la,,0.3671,,101.2648,101.2649,0.011111111,-0.120138889,0,0,0,,0,23,23,180,1,teda,,,
,,,,,,5ef4c07dc8437809ba661613,676192165fb32c2e1fb7aee6,67d1941936d2f129390f63a1,2025-03-12_15h03.15.026,Tarea de decisión léxica,2024.2.5,Win32,59.88023952,,,,,,,,,,,,,,,,,,,,,,,,101.2654,102.2323,a,1,0.3046,1,102.2323,102.7326,,,,,,427,FEM,WORD,DIS,150,oreja,,el,,0.3046,,102.7326,102.7327,0.011111111,-0.120138889,0,0,0,,0,24,24,426,1,oseva,,,
,,,,,,5ef4c07dc8437809ba661613,676192165fb32c2e1fb7aee6,67d1941936d2f129390f63a1,2025-03-12_15h03.15.026,Tarea de decisión léxica,2024.2.5,Win32,59.88023952,,,,,,,,,,,,,,,,,,,,,,,,102.7332,103.8001,l,1,0.4127,1,103.8002,104.3006,,,,,,140,MAS,NOWORD,DIS,150,nila,,la,,0.4127,,104.3006,104.3006,0.011111111,-0.120138889,0,0,0,,0,25,25,139,1,mago,,,
,,,,,,5ef4c07dc8437809ba661613,676192165fb32c2e1fb7aee6,67d1941936d2f129390f63a1,2025-03-12_15h03.15.026,Tarea de decisión léxica,2024.2.5,Win32,59.88023952,,,,,,,,,,,,,,,,,,,,,,,,104.3012,105.3014,a,1,0.3341,1,105.3014,105.8018,,,,,,425,FEM,WORD,AGR,150,viuda,,la,,0.3341,,105.8025,105.8029,0.011111111,-0.120138889,0,0,0,,0,26,26,424,1,virca,,,
,,,,,,5ef4c07dc8437809ba661613,676192165fb32c2e1fb7aee6,67d1941936d2f129390f63a1,2025-03-12_15h03.15.026,Tarea de decisión léxica,2024.2.5,Win32,59.88023952,,,,,,,,,,,,,,,,,,,,,,,,105.8032,106.986,l,1,0.5123,1,106.9861,107.4865,,,,,,340,MAS,NOWORD,DIS,150,plajo,,la,,0.5123,,107.4865,107.4865,0.011111111,-0.120138889,0,0,0,,0,27,27,339,1,brazo,,,
,,,,,,5ef4c07dc8437809ba661613,676192165fb32c2e1fb7aee6,67d1941936d2f129390f63a1,2025-03-12_15h03.15.026,Tarea de decisión léxica,2024.2.5,Win32,59.88023952,,,,,,,,,,,,,,,,,,,,,,,,107.4871,108.4872,a,0,0.339,0,108.4877,108.9876,,,,,,448,MAS,NOWORD,DIS,150,buaso,,la,,0.339,,108.9876,108.9877,0.011111111,-0.120138889,0,0,0,,0,28,28,447,1,bolso,,,
,,,,,,5ef4c07dc8437809ba661613,676192165fb32c2e1fb7aee6,67d1941936d2f129390f63a1,2025-03-12_15h03.15.026,Tarea de decisión léxica,2024.2.5,Win32,59.88023952,,,,,,,,,,,,,,,,,,,,,,,,108.9882,110.0552,a,1,0.4058,1,110.0555,110.5556,,,,,,47,MAS,WORD,DIS,150,club,,la,,0.4058,,110.5556,110.5557,0.011111111,-0.120138889,0,0,0,,0,29,29,46,1,chub,,,
,,,,,,5ef4c07dc8437809ba661613,676192165fb32c2e1fb7aee6,67d1941936d2f129390f63a1,2025-03-12_15h03.15.026,Tarea de decisión léxica,2024.2.5,Win32,59.88023952,,,,,,,,,,,,,,,,,,,,,,,,110.5561,111.7232,a,1,0.5009,1,111.7232,112.2236,,,,,,179,MAS,WORD,DIS,150,toro,,la,,0.5009,,112.2236,112.2236,0.011111111,-0.120138889,0,0,0,,0,30,30,178,1,sono,,,
,,,,,,5ef4c07dc8437809ba661613,676192165fb32c2e1fb7aee6,67d1941936d2f129390f63a1,2025-03-12_15h03.15.026,Tarea de decisión léxica,2024.2.5,Win32,59.88023952,,,,,,,,,,,,,,,,,,,,,,,,112.2243,113.1743,a,1,0.2898,1,113.1743,113.6747,,,,,,287,FEM,WORD,AGR,150,lista,,la,,0.2898,,113.6754,113.6757,0.011111111,-0.120138889,0,0,0,,0,31,31,286,1,fosta,,,
,,,,,,5ef4c07dc8437809ba661613,676192165fb32c2e1fb7aee6,67d1941936d2f129390f63a1,2025-03-12_15h03.15.026,Tarea de decisión léxica,2024.2.5,Win32,59.88023952,,,,,,,,,,,,,,,,,,,,,,,,113.676,114.7256,l,1,0.3754,1,114.7256,115.226,,,,,,466,FEM,NOWORD,AGR,150,asuba,,la,,0.3754,,115.226,115.226,0.011111111,-0.120138889,0,0,0,,0,32,32,465,1,aguja,,,
,,,,,,5ef4c07dc8437809ba661613,676192165fb32c2e1fb7aee6,67d1941936d2f129390f63a1,2025-03-12_15h03.15.026,Tarea de decisión léxica,2024.2.5,Win32,59.88023952,,,,,,,,,,,,,,,,,,,,,,,,115.2266,116.2601,a,1,0.3673,1,116.2602,116.7605,,,,,,473,FEM,WORD,DIS,150,feria,,el,,0.3673,,116.7606,116.7606,0.011111111,-0.120138889,0,0,0,,0,33,33,472,1,felia,,,
,,,,,,5ef4c07dc8437809ba661613,676192165fb32c2e1fb7aee6,67d1941936d2f129390f63a1,2025-03-12_15h03.15.026,Tarea de decisión léxica,2024.2.5,Win32,59.88023952,,,,,,,,,,,,,,,,,,,,,,,,116.7611,117.7113,a,1,0.289,1,117.7114,118.2117,,,,,,31,FEM,WORD,DIS,150,ropa,,el,,0.289,,118.2117,118.2117,0.011111111,-0.120138889,0,0,0,,0,34,34,30,1,bova,,,
,,,,,,5ef4c07dc8437809ba661613,676192165fb32c2e1fb7aee6,67d1941936d2f129390f63a1,2025-03-12_15h03.15.026,Tarea de decisión léxica,2024.2.5,Win32,59.88023952,,,,,,,,,,,,,,,,,,,,,,,,118.2122,119.3126,l,1,0.439,1,119.3126,119.813,,,,,,226,MAS,NOWORD,AGR,150,boco,,el,,0.439,,119.8137,119.814,0.011111111,-0.120138889,0,0,0,,0,35,35,225,1,lodo,,,
,,,,,,5ef4c07dc8437809ba661613,676192165fb32c2e1fb7aee6,67d1941936d2f129390f63a1,2025-03-12_15h03.15.026,Tarea de decisión léxica,2024.2.5,Win32,59.88023952,,,,,,,,,,,,,,,,,,,,,,,,119.8144,120.8972,l,1,0.4051,1,120.8973,121.3975,,,,,,306,MAS,NOWORD,AGR,150,adiol,,el,,0.4051,,121.3976,121.3977,0.011111111,-0.120138889,0,0,0,,0,36,36,305,1,avión,,,
,,,,,,5ef4c07dc8437809ba661613,676192165fb32c2e1fb7aee6,67d1941936d2f129390f63a1,2025-03-12_15h03.15.026,Tarea de decisión léxica,2024.2.5,Win32,59.88023952,,,,,,,,,,,,,,,,,,,,,,,,121.3983,122.5151,l,1,0.4518,1,122.5152,123.0156,,,,,,20,MAS,NOWORD,DIS,150,himo,,la,,0.4518,,123.0156,123.0156,0.011111111,-0.120138889,0,0,0,,0,37,37,19,1,niño,,,
,,,,,,5ef4c07dc8437809ba661613,676192165fb32c2e1fb7aee6,67d1941936d2f129390f63a1,2025-03-12_15h03.15.026,Tarea de decisión léxica,2024.2.5,Win32,59.88023952,,,,,,,,,,,,,,,,,,,,,,,,123.0161,124.1164,l,1,0.4417,1,124.1164,124.6168,,,,,,300,FEM,NOWORD,DIS,150,bosga,,el,,0.4417,,124.6168,124.6169,0.011111111,-0.120138889,0,0,0,,0,38,38,299,1,bolsa,,,
,,,,,,5ef4c07dc8437809ba661613,676192165fb32c2e1fb7aee6,67d1941936d2f129390f63a1,2025-03-12_15h03.15.026,Tarea de decisión léxica,2024.2.5,Win32,59.88023952,,,,,,,,,,,,,,,,,,,,,,,,124.6174,125.6843,a,1,0.4086,1,125.6843,126.1848,,,,,,243,MAS,WORD,AGR,150,amigo,,el,,0.4086,,126.1848,126.1849,0.011111111,-0.120138889,0,0,0,,0,39,39,242,1,asamo,,,
,,,,,,5ef4c07dc8437809ba661613,676192165fb32c2e1fb7aee6,67d1941936d2f129390f63a1,2025-03-12_15h03.15.026,Tarea de decisión léxica,2024.2.5,Win32,59.88023952,,,,,,,,,,,,,,,,,,,,,,,,126.1853,127.2356,l,1,0.3847,1,127.2356,127.736,,,,,,414,FEM,NOWORD,AGR,150,bieda,,la,,0.3847,,127.7369,127.7373,0.011111111,-0.120138889,0,0,0,,0,40,40,413,1,rueda,,,
,,,,,,5ef4c07dc8437809ba661613,676192165fb32c2e1fb7aee6,67d1941936d2f129390f63a1,2025-03-12_15h03.15.026,Tarea de decisión léxica,2024.2.5,Win32,59.88023952,,,,,,,,,,,,,,,,,,,,,,,,127.7376,128.8035,a,1,0.3931,1,128.8036,129.3039,,,,,,437,FEM,WORD,DIS,150,plaza,,el,,0.3931,,129.304,129.304,0.011111111,-0.120138889,0,0,0,,0,41,41,436,1,glava,,,
,,,,,,5ef4c07dc8437809ba661613,676192165fb32c2e1fb7aee6,67d1941936d2f129390f63a1,2025-03-12_15h03.15.026,Tarea de decisión léxica,2024.2.5,Win32,59.88023952,,,,,,,,,,,,,,,,,,,,,,,,129.3046,130.3714,l,1,0.4028,1,130.3715,130.8719,,,,,,240,MAS,NOWORD,DIS,150,poño,,la,,0.4028,,130.8719,130.8719,0.011111111,-0.120138889,0,0,0,,0,42,42,239,1,mozo,,,
,,,,,,5ef4c07dc8437809ba661613,676192165fb32c2e1fb7aee6,67d1941936d2f129390f63a1,2025-03-12_15h03.15.026,Tarea de decisión léxica,2024.2.5,Win32,59.88023952,,,,,,,,,,,,,,,,,,,,,,,,130.8724,131.8394,a,1,0.3046,1,131.8395,132.3397,,,,,,91,FEM,WORD,AGR,150,taza,,la,,0.3046,,132.3397,132.3398,0.011111111,-0.120138889,0,0,0,,0,43,43,90,1,sava,,,
,,,,,,5ef4c07dc8437809ba661613,676192165fb32c2e1fb7aee6,67d1941936d2f129390f63a1,2025-03-12_15h03.15.026,Tarea de decisión léxica,2024.2.5,Win32,59.88023952,,,,,,,,,,,,,,,,,,,,,,,,132.3403,133.4906,a,1,0.4858,1,133.4906,133.991,,,,,,213,FEM,WORD,DIS,150,rama,,el,,0.4858,,133.9911,133.9911,0.011111111,-0.120138889,0,0,0,,0,44,44,212,1,bana,,,
,,,,,,5ef4c07dc8437809ba661613,676192165fb32c2e1fb7aee6,67d1941936d2f129390f63a1,2025-03-12_15h03.15.026,Tarea de decisión léxica,2024.2.5,Win32,59.88023952,,,,,,,,,,,,,,,,,,,,,,,,133.9916,135.0585,l,1,0.4024,1,135.0586,135.5589,,,,,,262,MAS,NOWORD,AGR,150,titio,,el,,0.4024,,135.5595,135.5598,0.011111111,-0.120138889,0,0,0,,0,45,45,261,1,sitio,,,
,,,,,,5ef4c07dc8437809ba661613,676192165fb32c2e1fb7aee6,67d1941936d2f129390f63a1,2025-03-12_15h03.15.026,Tarea de decisión léxica,2024.2.5,Win32,59.88023952,,,,,,,,,,,,,,,,,,,,,,,,135.5601,136.7599,a,1,0.523,1,136.76,137.2602,,,,,,459,MAS,WORD,AGR,150,grado,,el,,0.523,,137.2603,137.2603,0.011111111,-0.120138889,0,0,0,,0,46,46,458,1,fraco,,,
,,,,,,5ef4c07dc8437809ba661613,676192165fb32c2e1fb7aee6,67d1941936d2f129390f63a1,2025-03-12_15h03.15.026,Tarea de decisión léxica,2024.2.5,Win32,59.88023952,,,,,,,,,,,,,,,,,,,,,,,,137.2608,138.5446,l,1,0.6291,1,138.5446,139.045,,,,,,302,FEM,NOWORD,AGR,150,ranga,,la,,0.6291,,139.045,139.045,0.011111111,-0.120138889,0,0,0,,0,47,47,301,1,banda,,,
,,,,,,5ef4c07dc8437809ba661613,676192165fb32c2e1fb7aee6,67d1941936d2f129390f63a1,2025-03-12_15h03.15.026,Tarea de decisión léxica,2024.2.5,Win32,59.88023952,,,,,,,,,,,,,,,,,,,,,,,,139.0456,140.0959,l,1,0.3885,1,140.096,140.5962,,,,,,380,MAS,NOWORD,DIS,150,tunso,,la,,0.3885,,140.5963,140.5964,0.011111111,-0.120138889,0,0,0,,0,48,48,379,1,turno,,,
,,,,,,5ef4c07dc8437809ba661613,676192165fb32c2e1fb7aee6,67d1941936d2f129390f63a1,2025-03-12_15h03.15.026,Tarea de decisión léxica,2024.2.5,Win32,59.88023952,,,,,,,,,,,,,,,,,,,,,,,,140.5969,141.6638,l,1,0.413,1,141.6638,142.1642,,,,,,172,MAS,NOWORD,DIS,150,niro,,la,,0.413,,142.1642,142.1642,0.011111111,-0.120138889,0,0,0,,0,49,49,171,1,hilo,,,
,,,,,,5ef4c07dc8437809ba661613,676192165fb32c2e1fb7aee6,67d1941936d2f129390f63a1,2025-03-12_15h03.15.026,Tarea de decisión léxica,2024.2.5,Win32,59.88023952,,,,,,,,,,,,,,,,,,,,,,,,142.1647,143.2483,l,1,0.4211,1,143.2485,143.7488,,,,,,160,MAS,NOWORD,DIS,150,bilo,,la,,0.4211,,143.7493,143.7496,0.011111111,-0.120138889,0,0,0,,0,50,50,159,1,giro,,,
,,,,,,5ef4c07dc8437809ba661613,676192165fb32c2e1fb7aee6,67d1941936d2f129390f63a1,2025-03-12_15h03.15.026,Tarea de decisión léxica,2024.2.5,Win32,59.88023952,,,,,,,,,,,,,,,,,,,,,,,,143.7501,144.7663,a,1,0.3413,1,144.7663,145.2667,,,,,,313,MAS,WORD,AGR,150,novio,,el,,0.3413,,145.2668,145.2668,0.011111111,-0.120138889,0,0,0,,0,51,51,312,1,govio,,,
,,,,,,5ef4c07dc8437809ba661613,676192165fb32c2e1fb7aee6,67d1941936d2f129390f63a1,2025-03-12_15h03.15.026,Tarea de decisión léxica,2024.2.5,Win32,59.88023952,,,,,,,,,,,,,,,,,,,,,,,,145.2673,146.2842,a,1,0.3506,1,146.2842,146.7845,,,,,,301,FEM,WORD,AGR,150,banda,,la,,0.3506,,146.7846,146.7846,0.011111111,-0.120138889,0,0,0,,0,52,52,300,1,ranga,,,
,,,,,,5ef4c07dc8437809ba661613,676192165fb32c2e1fb7aee6,67d1941936d2f129390f63a1,2025-03-12_15h03.15.026,Tarea de decisión léxica,2024.2.5,Win32,59.88023952,,,,,,,,,,,,,,,,,,,,,,,,146.7852,147.8855,a,1,0.4408,1,147.8855,148.3859,,,,,,455,MAS,WORD,AGR,150,reino,,el,,0.4408,,148.3859,148.3859,0.011111111,-0.120138889,0,0,0,,0,53,53,454,1,riaso,,,
,,,,,,5ef4c07dc8437809ba661613,676192165fb32c2e1fb7aee6,67d1941936d2f129390f63a1,2025-03-12_15h03.15.026,Tarea de decisión léxica,2024.2.5,Win32,59.88023952,,,,,,,,,,,,,,,,,,,,,,,,148.3864,149.5034,l,1,0.4492,1,149.5034,150.0038,,,,,,396,FEM,NOWORD,DIS,150,paeda,,el,,0.4492,,150.0039,150.0039,0.011111111,-0.120138889,0,0,0,,0,54,54,395,1,caída,,,
,,,,,,5ef4c07dc8437809ba661613,676192165fb32c2e1fb7aee6,67d1941936d2f129390f63a1,2025-03-12_15h03.15.026,Tarea de decisión léxica,2024.2.5,Win32,59.88023952,,,,,,,,,,,,,,,,,,,,,,,,150.0044,151.1046,l,1,0.4455,1,151.1047,151.6056,,,,,,364,FEM,NOWORD,DIS,150,veida,,el,,0.4455,,151.6061,151.6064,0.011111111,-0.120138889,0,0,0,,0,55,55,363,1,deuda,,,
,,,,,,5ef4c07dc8437809ba661613,676192165fb32c2e1fb7aee6,67d1941936d2f129390f63a1,2025-03-12_15h03.15.026,Tarea de decisión léxica,2024.2.5,Win32,59.88023952,,,,,,,,,,,,,,,,,,,,,,,,151.6068,152.6393,l,0,0.3504,0,152.6396,153.1397,,,,,,367,MAS,WORD,AGR,150,reloj,,el,,0.3504,,153.1397,153.1397,0.011111111,-0.120138889,0,0,0,,0,56,56,366,1,rerob,,,
,,,,,,5ef4c07dc8437809ba661613,676192165fb32c2e1fb7aee6,67d1941936d2f129390f63a1,2025-03-12_15h03.15.026,Tarea de decisión léxica,2024.2.5,Win32,59.88023952,,,,,,,,,,,,,,,,,,,,,,,,153.1402,154.2572,l,1,0.4537,1,154.2576,154.7576,,,,,,356,FEM,NOWORD,DIS,150,bepla,,el,,0.4537,,154.7576,154.7576,0.011111111,-0.120138889,0,0,0,,0,57,57,355,1,regla,,,
,,,,,,5ef4c07dc8437809ba661613,676192165fb32c2e1fb7aee6,67d1941936d2f129390f63a1,2025-03-12_15h03.15.026,Tarea de decisión léxica,2024.2.5,Win32,59.88023952,,,,,,,,,,,,,,,,,,,,,,,,154.7582,156.042,a,1,0.6198,1,156.042,156.5423,,,,,,195,FEM,WORD,AGR,150,tela,,la,,0.6198,,156.5424,156.5424,0.011111111,-0.120138889,0,0,0,,0,58,58,194,1,sira,,,
,,,,,,5ef4c07dc8437809ba661613,676192165fb32c2e1fb7aee6,67d1941936d2f129390f63a1,2025-03-12_15h03.15.026,Tarea de decisión léxica,2024.2.5,Win32,59.88023952,,,,,,,,,,,,,,,,,,,,,,,,156.5429,157.6099,l,1,0.4028,1,157.6099,158.1103,,,,,,224,FEM,NOWORD,DIS,150,cira,,el,,0.4028,,158.1108,158.1112,0.011111111,-0.120138889,0,0,0,,0,59,59,223,1,cera,,,
,,,,,,5ef4c07dc8437809ba661613,676192165fb32c2e1fb7aee6,67d1941936d2f129390f63a1,2025-03-12_15h03.15.026,Tarea de decisión léxica,2024.2.5,Win32,59.88023952,,,,,,,,,,,,,,,,,,,,,,,,158.1116,159.1779,a,1,0.3877,1,159.1779,159.6782,,,,,,65,MAS,WORD,AGR,150,dios,,el,,0.3877,,159.6783,159.6783,0.011111111,-0.120138889,0,0,0,,0,60,60,64,1,nios,,,
,,,,,,5ef4c07dc8437809ba661613,676192165fb32c2e1fb7aee6,67d1941936d2f129390f63a1,2025-03-12_15h03.15.026,Tarea de decisión léxica,2024.2.5,Win32,59.88023952,,,,,,,,,,,,,,,,,,,,,,,,159.6788,160.729,l,1,0.395,1,160.7291,161.2294,,,,,,476,FEM,NOWORD,DIS,150,mucta,,el,,0.395,,161.2294,161.2295,0.011111111,-0.120138889,0,0,0,,0,61,61,475,1,manta,,,
,,,,,,5ef4c07dc8437809ba661613,676192165fb32c2e1fb7aee6,67d1941936d2f129390f63a1,2025-03-12_15h03.15.026,Tarea de decisión léxica,2024.2.5,Win32,59.88023952,,,,,,,,,,,,,,,,,,,,,,,,161.2299,162.3137,a,1,0.4279,1,162.3137,162.8141,,,,,,239,MAS,WORD,AGR,150,mozo,,el,,0.4279,,162.8141,162.8142,0.011111111,-0.120138889,0,0,0,,0,62,62,238,1,poño,,,
,,,,,,5ef4c07dc8437809ba661613,676192165fb32c2e1fb7aee6,67d1941936d2f129390f63a1,2025-03-12_15h03.15.026,Tarea de decisión léxica,2024.2.5,Win32,59.88023952,,,,,,,,,,,,,,,,,,,,,,,,162.8148,163.8315,a,1,0.3552,1,163.8316,164.332,,,,,,175,FEM,WORD,DIS,150,goma,,el,,0.3552,,164.332,164.332,0.011111111,-0.120138889,0,0,0,,0,63,63,174,1,hosa,,,
,,,,,,5ef4c07dc8437809ba661613,676192165fb32c2e1fb7aee6,67d1941936d2f129390f63a1,2025-03-12_15h03.15.026,Tarea de decisión léxica,2024.2.5,Win32,59.88023952,,,,,,,,,,,,,,,,,,,,,,,,164.3325,165.3829,l,1,0.3824,1,165.3829,165.8831,,,,,,354,FEM,NOWORD,AGR,150,cezca,,la,,0.3824,,165.8837,165.8841,0.011111111,-0.120138889,0,0,0,,0,64,64,353,1,celda,,,
,,,,,,5ef4c07dc8437809ba661613,676192165fb32c2e1fb7aee6,67d1941936d2f129390f63a1,2025-03-12_15h03.15.026,Tarea de decisión léxica,2024.2.5,Win32,59.88023952,,,,,,,,,,,,,,,,,,,,,,,,165.8844,166.9174,a,0,0.3573,0,166.9178,167.4178,,,,,,430,FEM,NOWORD,AGR,150,tenta,,la,,0.3573,,167.4178,167.4179,0.011111111,-0.120138889,0,0,0,,0,65,65,429,1,tarta,,,
,,,,,,5ef4c07dc8437809ba661613,676192165fb32c2e1fb7aee6,67d1941936d2f129390f63a1,2025-03-12_15h03.15.026,Tarea de decisión léxica,2024.2.5,Win32,59.88023952,,,,,,,,,,,,,,,,,,,,,,,,167.4184,168.552,l,1,0.4797,1,168.5524,169.0523,,,,,,424,MAS,NOWORD,DIS,150,quigo,,la,,0.4797,,169.0524,169.0525,0.011111111,-0.120138889,0,0,0,,0,66,66,423,1,queso,,,
,,,,,,5ef4c07dc8437809ba661613,676192165fb32c2e1fb7aee6,67d1941936d2f129390f63a1,2025-03-12_15h03.15.026,Tarea de decisión léxica,2024.2.5,Win32,59.88023952,,,,,,,,,,,,,,,,,,,,,,,,169.053,170.1199,l,1,0.4129,1,170.1199,170.6203,,,,,,320,MAS,NOWORD,DIS,150,tuero,,la,,0.4129,,170.6203,170.6204,0.011111111,-0.120138889,0,0,0,,0,67,67,319,1,suelo,,,
,,,,,,5ef4c07dc8437809ba661613,676192165fb32c2e1fb7aee6,67d1941936d2f129390f63a1,2025-03-12_15h03.15.026,Tarea de decisión léxica,2024.2.5,Win32,59.88023952,,,,,,,,,,,,,,,,,,,,,,,,170.6209,171.6878,a,1,0.405,1,171.6879,172.1882,,,,,,369,MAS,WORD,DIS,150,ruido,,la,,0.405,,172.1882,172.1883,0.011111111,-0.120138889,0,0,0,,0,68,68,368,1,rioco,,,
,,,,,,5ef4c07dc8437809ba661613,676192165fb32c2e1fb7aee6,67d1941936d2f129390f63a1,2025-03-12_15h03.15.026,Tarea de decisión léxica,2024.2.5,Win32,59.88023952,,,,,,,,,,,,,,,,,,,,,,,,172.1887,173.2724,a,1,0.4213,1,173.2725,173.7728,,,,,,83,FEM,WORD,DIS,150,bala,,el,,0.4213,,173.7734,173.7737,0.011111111,-0.120138889,0,0,0,,0,69,69,82,1,taga,,,
,,,,,,5ef4c07dc8437809ba661613,676192165fb32c2e1fb7aee6,67d1941936d2f129390f63a1,2025-03-12_15h03.15.026,Tarea de decisión léxica,2024.2.5,Win32,59.88023952,,,,,,,,,,,,,,,,,,,,,,,,173.774,174.9905,l,1,0.5412,1,174.9906,175.4908,,,,,,406,FEM,NOWORD,AGR,150,rarra,,la,,0.5412,,175.491,175.491,0.011111111,-0.120138889,0,0,0,,0,70,70,405,1,barra,,,
,,,,,,5ef4c07dc8437809ba661613,676192165fb32c2e1fb7aee6,67d1941936d2f129390f63a1,2025-03-12_15h03.15.026,Tarea de decisión léxica,2024.2.5,Win32,59.88023952,,,,,,,,,,,,,,,,,,,,,,,,175.4915,176.6084,l,1,0.4637,1,176.6084,177.1089,,,,,,388,FEM,NOWORD,DIS,150,bresa,,el,,0.4637,,177.1089,177.1089,0.011111111,-0.120138889,0,0,0,,0,71,71,387,1,crema,,,
,,,,,,5ef4c07dc8437809ba661613,676192165fb32c2e1fb7aee6,67d1941936d2f129390f63a1,2025-03-12_15h03.15.026,Tarea de decisión léxica,2024.2.5,Win32,59.88023952,,,,,,,,,,,,,,,,,,,,,,,,177.1094,178.1264,a,1,0.3491,1,178.1264,178.6267,,,,,,339,MAS,WORD,DIS,150,brazo,,la,,0.3491,,178.6267,178.6267,0.011111111,-0.120138889,0,0,0,,0,72,72,338,1,plajo,,,
,,,,,,5ef4c07dc8437809ba661613,676192165fb32c2e1fb7aee6,67d1941936d2f129390f63a1,2025-03-12_15h03.15.026,Tarea de decisión léxica,2024.2.5,Win32,59.88023952,,,,,,,,,,,,,,,,,,,,,,,,178.6273,179.6775,a,1,0.3896,1,179.6776,180.178,,,,,,275,MAS,WORD,AGR,150,punto,,el,,0.3896,,180.178,180.178,0.011111111,-0.120138889,0,0,0,,0,73,73,274,1,musto,,,
,,,,,,5ef4c07dc8437809ba661613,676192165fb32c2e1fb7aee6,67d1941936d2f129390f63a1,2025-03-12_15h03.15.026,Tarea de decisión léxica,2024.2.5,Win32,59.88023952,,,,,,,,,,,,,,,,,,,,,,,,180.1785,181.2121,l,1,0.3753,1,181.2122,181.7125,,,,,,334,FEM,NOWORD,AGR,150,dalea,,la,,0.3753,,181.7131,181.7135,0.011111111,-0.120138889,0,0,0,,0,74,74,333,1,tarea,,,
,,,,,,5ef4c07dc8437809ba661613,676192165fb32c2e1fb7aee6,67d1941936d2f129390f63a1,2025-03-12_15h03.15.026,Tarea de decisión léxica,2024.2.5,Win32,59.88023952,,,,,,,,,,,,,,,,,,,,,,,,181.7138,182.7968,l,1,0.4095,1,182.7968,183.2971,,,,,,212,FEM,NOWORD,DIS,150,joad,,el,,0.4095,,183.2971,183.2971,0.011111111,-0.120138889,0,0,0,,0,75,75,211,1,joya,,,
,,,,,,5ef4c07dc8437809ba661613,676192165fb32c2e1fb7aee6,67d1941936d2f129390f63a1,2025-03-12_15h03.15.026,Tarea de decisión léxica,2024.2.5,Win32,59.88023952,,,,,,,,,,,,,,,,,,,,,,,,183.2977,184.3147,a,0,0.3603,0,184.3151,184.815,,,,,,18,FEM,NOWORD,AGR,150,paba,,la,,0.3603,,184.8151,184.8151,0.011111111,-0.120138889,0,0,0,,0,76,76,17,1,mamá,,,
,,,,,,5ef4c07dc8437809ba661613,676192165fb32c2e1fb7aee6,67d1941936d2f129390f63a1,2025-03-12_15h03.15.026,Tarea de decisión léxica,2024.2.5,Win32,59.88023952,,,,,,,,,,,,,,,,,,,,,,,,184.8156,185.8659,a,1,0.394,1,185.8663,186.3662,,,,,,201,FEM,WORD,DIS,150,cuna,,el,,0.394,,186.3663,186.3663,0.011111111,-0.120138889,0,0,0,,0,77,77,200,1,cusa,,,
,,,,,,5ef4c07dc8437809ba661613,676192165fb32c2e1fb7aee6,67d1941936d2f129390f63a1,2025-03-12_15h03.15.026,Tarea de decisión léxica,2024.2.5,Win32,59.88023952,,,,,,,,,,,,,,,,,,,,,,,,186.3669,187.4504,l,1,0.419,1,187.4505,187.9509,,,,,,246,FEM,NOWORD,AGR,150,pafle,,la,,0.419,,187.9509,187.9509,0.011111111,-0.120138889,0,0,0,,0,78,78,245,1,madre,,,
,,,,,,5ef4c07dc8437809ba661613,676192165fb32c2e1fb7aee6,67d1941936d2f129390f63a1,2025-03-12_15h03.15.026,Tarea de decisión léxica,2024.2.5,Win32,59.88023952,,,,,,,,,,,,,,,,,,,,,,,,187.9515,188.9683,a,1,0.3624,1,188.9683,189.4688,,,,,,133,FEM,WORD,DIS,150,vaca,,el,,0.3624,,189.4693,189.4695,0.011111111,-0.120138889,0,0,0,,0,79,79,132,1,vesa,,,
,,,,,,5ef4c07dc8437809ba661613,676192165fb32c2e1fb7aee6,67d1941936d2f129390f63a1,2025-03-12_15h03.15.026,Tarea de decisión léxica,2024.2.5,Win32,59.88023952,,,,,,,,,,,,,,,,,,,,,,,,189.47,190.5198,a,1,0.3812,1,190.5198,191.0199,,,,,,173,FEM,WORD,AGR,150,rosa,,la,,0.3812,,191.02,191.0201,0.011111111,-0.120138889,0,0,0,,0,80,80,172,1,boma,,,
,,,,,,5ef4c07dc8437809ba661613,676192165fb32c2e1fb7aee6,67d1941936d2f129390f63a1,2025-03-12_15h03.15.026,Tarea de decisión léxica,2024.2.5,Win32,59.88023952,,,,,,,,,,,,,,,,,,,,,,,,191.0206,192.0875,a,1,0.4004,1,192.0875,192.5879,,,,,,439,FEM,WORD,AGR,150,presa,,la,,0.4004,,192.5879,192.588,0.011111111,-0.120138889,0,0,0,,0,81,81,438,1,prema,,,
,,,,,,5ef4c07dc8437809ba661613,676192165fb32c2e1fb7aee6,67d1941936d2f129390f63a1,2025-03-12_15h03.15.026,Tarea de decisión léxica,2024.2.5,Win32,59.88023952,,,,,,,,,,,,,,,,,,,,,,,,192.5885,193.6721,l,1,0.4284,1,193.6721,194.1725,,,,,,462,FEM,NOWORD,AGR,150,pagra,,la,,0.4284,,194.1725,194.1725,0.011111111,-0.120138889,0,0,0,,0,82,82,461,1,tabla,,,
,,,,,,5ef4c07dc8437809ba661613,676192165fb32c2e1fb7aee6,67d1941936d2f129390f63a1,2025-03-12_15h03.15.026,Tarea de decisión léxica,2024.2.5,Win32,59.88023952,,,,,,,,,,,,,,,,,,,,,,,,194.173,195.3235,a,1,0.493,1,195.3235,195.8238,,,,,,137,MAS,WORD,AGR,150,nene,,el,,0.493,,195.8244,195.8246,0.011111111,-0.120138889,0,0,0,,0,83,83,136,1,pamo,,,
,,,,,,5ef4c07dc8437809ba661613,676192165fb32c2e1fb7aee6,67d1941936d2f129390f63a1,2025-03-12_15h03.15.026,Tarea de decisión léxica,2024.2.5,Win32,59.88023952,,,,,,,,,,,,,,,,,,,,,,,,195.8249,196.958,l,1,0.4504,1,196.9581,197.4585,,,,,,92,FEM,NOWORD,DIS,150,sava,,el,,0.4504,,197.4585,197.4586,0.011111111,-0.120138889,0,0,0,,0,84,84,91,1,taza,,,
,,,,,,5ef4c07dc8437809ba661613,676192165fb32c2e1fb7aee6,67d1941936d2f129390f63a1,2025-03-12_15h03.15.026,Tarea de decisión léxica,2024.2.5,Win32,59.88023952,,,,,,,,,,,,,,,,,,,,,,,,197.4591,198.6094,a,1,0.4868,1,198.6095,199.1097,,,,,,157,MAS,WORD,DIS,150,nido,,la,,0.4868,,199.1098,199.1098,0.011111111,-0.120138889,0,0,0,,0,85,85,156,1,hico,,,
,,,,,,5ef4c07dc8437809ba661613,676192165fb32c2e1fb7aee6,67d1941936d2f129390f63a1,2025-03-12_15h03.15.026,Tarea de decisión léxica,2024.2.5,Win32,59.88023952,,,,,,,,,,,,,,,,,,,,,,,,199.1103,200.2774,l,1,0.4985,1,200.2775,200.7778,,,,,,164,FEM,NOWORD,DIS,150,laga,,el,,0.4985,,200.7779,200.7779,0.011111111,-0.120138889,0,0,0,,0,86,86,163,1,fama,,,
,,,,,,5ef4c07dc8437809ba661613,676192165fb32c2e1fb7aee6,67d1941936d2f129390f63a1,2025-03-12_15h03.15.026,Tarea de decisión léxica,2024.2.5,Win32,59.88023952,,,,,,,,,,,,,,,,,,,,,,,,200.7783,201.7786,a,1,0.3344,1,201.7787,202.279,,,,,,71,FEM,WORD,AGR,150,isla,,la,,0.3344,,202.279,202.2791,0.011111111,-0.120138889,0,0,0,,0,87,87,70,1,urla,,,
,,,,,,5ef4c07dc8437809ba661613,676192165fb32c2e1fb7aee6,67d1941936d2f129390f63a1,2025-03-12_15h03.15.026,Tarea de decisión léxica,2024.2.5,Win32,59.88023952,,,,,,,,,,,,,,,,,,,,,,,,202.2795,203.3298,l,1,0.3863,1,203.3298,203.8302,,,,,,70,FEM,NOWORD,AGR,150,ñola,,la,,0.3863,,203.8307,203.8311,0.011111111,-0.120138889,0,0,0,,0,88,88,69,1,zona,,,
,,,,,,5ef4c07dc8437809ba661613,676192165fb32c2e1fb7aee6,67d1941936d2f129390f63a1,2025-03-12_15h03.15.026,Tarea de decisión léxica,2024.2.5,Win32,59.88023952,,,,,,,,,,,,,,,,,,,,,,,,203.8314,204.9144,a,0,0.4118,0,204.9149,205.4148,,,,,,48,MAS,NOWORD,DIS,150,chub,,la,,0.4118,,205.4148,205.4149,0.011111111,-0.120138889,0,0,0,,0,89,89,47,1,club,,,
,,,,,,5ef4c07dc8437809ba661613,676192165fb32c2e1fb7aee6,67d1941936d2f129390f63a1,2025-03-12_15h03.15.026,Tarea de decisión léxica,2024.2.5,Win32,59.88023952,,,,,,,,,,,,,,,,,,,,,,,,205.4154,206.7492,l,1,0.6745,1,206.7496,207.2496,,,,,,126,MAS,NOWORD,AGR,150,vudo,,el,,0.6745,,207.2497,207.2497,0.011111111,-0.120138889,0,0,0,,0,90,90,125,1,lujo,,,
,,,,,,5ef4c07dc8437809ba661613,676192165fb32c2e1fb7aee6,67d1941936d2f129390f63a1,2025-03-12_15h03.15.026,Tarea de decisión léxica,2024.2.5,Win32,59.88023952,,,,,,,,,,,,,,,,,,,,,,,,207.2502,208.5173,l,1,0.6077,1,208.5174,209.0177,,,,,,238,MAS,NOWORD,AGR,150,huco,,el,,0.6077,,209.0177,209.0178,0.011111111,-0.120138889,0,0,0,,0,91,91,237,1,nudo,,,
,,,,,,5ef4c07dc8437809ba661613,676192165fb32c2e1fb7aee6,67d1941936d2f129390f63a1,2025-03-12_15h03.15.026,Tarea de decisión léxica,2024.2.5,Win32,59.88023952,,,,,,,,,,,,,,,,,,,,,,,,209.0184,210.3188,l,1,0.6397,1,210.3189,210.8192,,,,,,134,FEM,NOWORD,AGR,150,vesa,,la,,0.6397,,210.8192,210.8193,0.011111111,-0.120138889,0,0,0,,0,92,92,133,1,vaca,,,
,,,,,,5ef4c07dc8437809ba661613,676192165fb32c2e1fb7aee6,67d1941936d2f129390f63a1,2025-03-12_15h03.15.026,Tarea de decisión léxica,2024.2.5,Win32,59.88023952,,,,,,,,,,,,,,,,,,,,,,,,210.8197,212.1368,a,1,0.6542,1,212.1369,212.6373,,,,,,217,MAS,WORD,DIS,150,luto,,la,,0.6542,,212.6378,212.6382,0.011111111,-0.120138889,0,0,0,,0,93,93,216,1,budo,,,
,,,,,,5ef4c07dc8437809ba661613,676192165fb32c2e1fb7aee6,67d1941936d2f129390f63a1,2025-03-12_15h03.15.026,Tarea de decisión léxica,2024.2.5,Win32,59.88023952,,,,,,,,,,,,,,,,,,,,,,,,212.6384,214.0718,l,1,0.7647,1,214.0718,214.5722,,,,,,382,MAS,NOWORD,AGR,150,nusor,,el,,0.7647,,214.5722,214.5723,0.011111111,-0.120138889,0,0,0,,0,94,94,381,1,humor,,,
,,,,,,5ef4c07dc8437809ba661613,676192165fb32c2e1fb7aee6,67d1941936d2f129390f63a1,2025-03-12_15h03.15.026,Tarea de decisión léxica,2024.2.5,Win32,59.88023952,,,,,,,,,,,,,,,,,,,,,,,,214.5728,215.6397,l,1,0.413,1,215.6398,216.1401,,,,,,416,FEM,NOWORD,DIS,150,juira,,el,,0.413,,216.1401,216.1402,0.011111111,-0.120138889,0,0,0,,0,95,95,415,1,jaula,,,
,,,,,,5ef4c07dc8437809ba661613,676192165fb32c2e1fb7aee6,67d1941936d2f129390f63a1,2025-03-12_15h03.15.026,Tarea de decisión léxica,2024.2.5,Win32,59.88023952,,,,,,,,,,,,,,,,,,,,,,,,216.1406,217.2744,l,1,0.4763,1,217.2744,217.7748,,,,,,376,FEM,NOWORD,DIS,150,sasna,,el,,0.4763,,217.7748,217.7749,0.011111111,-0.120138889,0,0,0,,0,96,96,375,1,salsa,,,
,,,,,,5ef4c07dc8437809ba661613,676192165fb32c2e1fb7aee6,67d1941936d2f129390f63a1,2025-03-12_15h03.15.026,Tarea de decisión léxica,2024.2.5,Win32,59.88023952,,,,,,,,,,,,,,,,,,,,,,,,217.7753,219.0757,l,1,0.6415,1,219.0758,219.5762,,,,,,360,MAS,NOWORD,DIS,150,cacer,,la,,0.6415,,219.5762,219.5763,0.011111111,-0.120138889,0,0,0,,0,97,97,359,1,calor,,,
,,,,,,5ef4c07dc8437809ba661613,676192165fb32c2e1fb7aee6,67d1941936d2f129390f63a1,2025-03-12_15h03.15.026,Tarea de decisión léxica,2024.2.5,Win32,59.88023952,,,,,,,,,,,,,,,,,,,,,,,,219.5767,220.6103,a,1,0.377,1,220.6103,221.1107,,,,,,431,MAS,WORD,AGR,150,motor,,el,,0.377,,221.1112,221.1115,0.011111111,-0.120138889,0,0,0,,0,98,98,430,1,tetor,,,
,,,,,,5ef4c07dc8437809ba661613,676192165fb32c2e1fb7aee6,67d1941936d2f129390f63a1,2025-03-12_15h03.15.026,Tarea de decisión léxica,2024.2.5,Win32,59.88023952,,,,,,,,,,,,,,,,,,,,,,,,221.1119,222.3117,a,1,0.5231,1,222.3117,222.8121,,,,,,335,FEM,WORD,DIS,150,costa,,el,,0.5231,,222.8121,222.8123,0.011111111,-0.120138889,0,0,0,,0,99,99,334,1,pesta,,,
,,,,,,5ef4c07dc8437809ba661613,676192165fb32c2e1fb7aee6,67d1941936d2f129390f63a1,2025-03-12_15h03.15.026,Tarea de decisión léxica,2024.2.5,Win32,59.88023952,,,,,,,,,,,,,,,,,,,,,,,,222.8128,223.8797,a,1,0.4123,1,223.8797,224.38,,,,,,111,MAS,WORD,AGR,150,muro,,el,,0.4123,,224.3801,224.3801,0.011111111,-0.120138889,0,0,0,,0,100,100,110,1,siro,,,
,,,,,,5ef4c07dc8437809ba661613,676192165fb32c2e1fb7aee6,67d1941936d2f129390f63a1,2025-03-12_15h03.15.026,Tarea de decisión léxica,2024.2.5,Win32,59.88023952,,,,,,,,,,,,,,,,,,,,,,,,224.3806,225.5309,a,1,0.4852,1,225.5309,226.0313,,,,,,419,MAS,WORD,DIS,150,truco,,la,,0.4852,,226.0313,226.0314,0.011111111,-0.120138889,0,0,0,,0,101,101,418,1,chudo,,,
,,,,,,5ef4c07dc8437809ba661613,676192165fb32c2e1fb7aee6,67d1941936d2f129390f63a1,2025-03-12_15h03.15.026,Tarea de decisión léxica,2024.2.5,Win32,59.88023952,,,,,,,,,,,,,,,,,,,,,,,,226.0319,227.0489,a,1,0.3553,1,227.0489,227.5492,,,,,,377,MAS,WORD,AGR,150,hielo,,el,,0.3553,,227.5493,227.5493,0.011111111,-0.120138889,0,0,0,,0,102,102,376,1,gaulo,,,
,,,,,,5ef4c07dc8437809ba661613,676192165fb32c2e1fb7aee6,67d1941936d2f129390f63a1,2025-03-12_15h03.15.026,Tarea de decisión léxica,2024.2.5,Win32,59.88023952,,,,,,,,,,,,,,,,,,,,,,,,227.5498,228.7168,l,1,0.4991,1,228.7169,229.2172,,,,,,434,MAS,NOWORD,AGR,150,durco,,el,,0.4991,,229.2178,229.2182,0.011111111,-0.120138889,0,0,0,,0,103,103,433,1,disco,,,
,,,,,,5ef4c07dc8437809ba661613,676192165fb32c2e1fb7aee6,67d1941936d2f129390f63a1,2025-03-12_15h03.15.026,Tarea de decisión léxica,2024.2.5,Win32,59.88023952,,,,,,,,,,,,,,,,,,,,,,,,229.2184,230.3181,l,1,0.4249,1,230.3181,230.8185,,,,,,156,FEM,NOWORD,DIS,150,luma,,el,,0.4249,,230.8185,230.8186,0.011111111,-0.120138889,0,0,0,,0,104,104,155,1,fuga,,,
,,,,,,5ef4c07dc8437809ba661613,676192165fb32c2e1fb7aee6,67d1941936d2f129390f63a1,2025-03-12_15h03.15.026,Tarea de decisión léxica,2024.2.5,Win32,59.88023952,,,,,,,,,,,,,,,,,,,,,,,,230.8191,231.936,l,1,0.449,1,231.9361,232.4365,,,,,,266,FEM,NOWORD,AGR,150,pitat,,la,,0.449,,232.4365,232.4365,0.011111111,-0.120138889,0,0,0,,0,105,105,265,1,mitad,,,
,,,,,,5ef4c07dc8437809ba661613,676192165fb32c2e1fb7aee6,67d1941936d2f129390f63a1,2025-03-12_15h03.15.026,Tarea de decisión léxica,2024.2.5,Win32,59.88023952,,,,,,,,,,,,,,,,,,,,,,,,232.437,233.4539,a,1,0.3567,1,233.4539,233.9543,,,,,,183,FEM,WORD,DIS,150,raya,,el,,0.3567,,233.9544,233.9544,0.011111111,-0.120138889,0,0,0,,0,106,106,182,1,raad,,,
,,,,,,5ef4c07dc8437809ba661613,676192165fb32c2e1fb7aee6,67d1941936d2f129390f63a1,2025-03-12_15h03.15.026,Tarea de decisión léxica,2024.2.5,Win32,59.88023952,,,,,,,,,,,,,,,,,,,,,,,,233.955,234.9885,l,1,0.3748,1,234.9886,235.4889,,,,,,326,FEM,NOWORD,AGR,150,mabia,,la,,0.3748,,235.4894,235.4898,0.011111111,-0.120138889,0,0,0,,0,107,107,325,1,magia,,,
,,,,,,5ef4c07dc8437809ba661613,676192165fb32c2e1fb7aee6,67d1941936d2f129390f63a1,2025-03-12_15h03.15.026,Tarea de decisión léxica,2024.2.5,Win32,59.88023952,,,,,,,,,,,,,,,,,,,,,,,,235.4902,236.5064,a,1,0.345,1,236.5065,237.0067,,,,,,457,MAS,WORD,DIS,150,plato,,la,,0.345,,237.0068,237.0068,0.011111111,-0.120138889,0,0,0,,0,108,108,456,1,glaco,,,
,,,,,,5ef4c07dc8437809ba661613,676192165fb32c2e1fb7aee6,67d1941936d2f129390f63a1,2025-03-12_15h03.15.026,Tarea de decisión léxica,2024.2.5,Win32,59.88023952,,,,,,,,,,,,,,,,,,,,,,,,237.0073,238.0243,l,1,0.3624,1,238.0243,238.5246,,,,,,162,MAS,NOWORD,AGR,150,bopo,,el,,0.3624,,238.5247,238.5247,0.011111111,-0.120138889,0,0,0,,0,109,109,161,1,coro,,,
,,,,,,5ef4c07dc8437809ba661613,676192165fb32c2e1fb7aee6,67d1941936d2f129390f63a1,2025-03-12_15h03.15.026,Tarea de decisión léxica,2024.2.5,Win32,59.88023952,,,,,,,,,,,,,,,,,,,,,,,,238.5253,239.7256,l,1,0.5339,1,239.7257,240.226,,,,,,440,FEM,NOWORD,DIS,150,prema,,el,,0.5339,,240.226,240.226,0.011111111,-0.120138889,0,0,0,,0,110,110,439,1,presa,,,
,,,,,,5ef4c07dc8437809ba661613,676192165fb32c2e1fb7aee6,67d1941936d2f129390f63a1,2025-03-12_15h03.15.026,Tarea de decisión léxica,2024.2.5,Win32,59.88023952,,,,,,,,,,,,,,,,,,,,,,,,240.2265,241.477,a,1,0.5832,1,241.477,241.9775,,,,,,233,FEM,WORD,DIS,150,lana,,el,,0.5832,,241.9775,241.9775,0.011111111,-0.120138889,0,0,0,,0,111,111,232,1,fasa,,,
,,,,,,5ef4c07dc8437809ba661613,676192165fb32c2e1fb7aee6,67d1941936d2f129390f63a1,2025-03-12_15h03.15.026,Tarea de decisión léxica,2024.2.5,Win32,59.88023952,,,,,,,,,,,,,,,,,,,,,,,,241.9779,243.0282,a,1,0.3918,1,243.0283,243.5287,,,,,,359,MAS,WORD,DIS,150,calor,,la,,0.3918,,243.5291,243.5295,0.011111111,-0.120138889,0,0,0,,0,112,112,358,1,cacer,,,
,,,,,,5ef4c07dc8437809ba661613,676192165fb32c2e1fb7aee6,67d1941936d2f129390f63a1,2025-03-12_15h03.15.026,Tarea de decisión léxica,2024.2.5,Win32,59.88023952,,,,,,,,,,,,,,,,,,,,,,,,243.5297,244.5295,a,1,0.3292,1,244.5295,245.0299,,,,,,25,FEM,WORD,AGR,150,cama,,la,,0.3292,,245.0299,245.0299,0.011111111,-0.120138889,0,0,0,,0,113,113,24,1,paza,,,
,,,,,,5ef4c07dc8437809ba661613,676192165fb32c2e1fb7aee6,67d1941936d2f129390f63a1,2025-03-12_15h03.15.026,Tarea de decisión léxica,2024.2.5,Win32,59.88023952,,,,,,,,,,,,,,,,,,,,,,,,245.0304,246.081,a,1,0.3954,1,246.0811,246.5811,,,,,,293,MAS,WORD,DIS,150,campo,,la,,0.3954,,246.5811,246.5812,0.011111111,-0.120138889,0,0,0,,0,114,114,292,1,cacso,,,
,,,,,,5ef4c07dc8437809ba661613,676192165fb32c2e1fb7aee6,67d1941936d2f129390f63a1,2025-03-12_15h03.15.026,Tarea de decisión léxica,2024.2.5,Win32,59.88023952,,,,,,,,,,,,,,,,,,,,,,,,246.5818,247.6319,l,1,0.3894,1,247.632,248.1324,,,,,,110,MAS,NOWORD,AGR,150,suno,,el,,0.3894,,248.1324,248.1324,0.011111111,-0.120138889,0,0,0,,0,115,115,109,1,rayo,,,
,,,,,,5ef4c07dc8437809ba661613,676192165fb32c2e1fb7aee6,67d1941936d2f129390f63a1,2025-03-12_15h03.15.026,Tarea de decisión léxica,2024.2.5,Win32,59.88023952,,,,,,,,,,,,,,,,,,,,,,,,248.1328,249.4,a,1,0.6143,1,249.4001,249.9005,,,,,,3,FEM,WORD,AGR,150,vida,,la,,0.6143,,249.9005,249.9006,0.011111111,-0.120138889,0,0,0,,0,116,116,2,1,dica,,,
,,,,,,5ef4c07dc8437809ba661613,676192165fb32c2e1fb7aee6,67d1941936d2f129390f63a1,2025-03-12_15h03.15.026,Tarea de decisión léxica,2024.2.5,Win32,59.88023952,,,,,,,,,,,,,,,,,,,,,,,,249.901,251.0847,a,1,0.5169,1,251.0848,251.5851,,,,,,479,MAS,WORD,AGR,150,rumbo,,el,,0.5169,,251.5856,251.586,0.011111111,-0.120138889,0,0,0,,0,117,117,478,1,rimpo,,,
,,,,,,5ef4c07dc8437809ba661613,676192165fb32c2e1fb7aee6,67d1941936d2f129390f63a1,2025-03-12_15h03.15.026,Tarea de decisión léxica,2024.2.5,Win32,59.88023952,,,,,,,,,,,,,,,,,,,,,,,,251.5863,252.786,a,1,0.5287,1,252.7861,253.2864,,,,,,93,FEM,WORD,DIS,150,bola,,el,,0.5287,,253.2865,253.2865,0.011111111,-0.120138889,0,0,0,,0,118,118,92,1,rona,,,
,,,,,,5ef4c07dc8437809ba661613,676192165fb32c2e1fb7aee6,67d1941936d2f129390f63a1,2025-03-12_15h03.15.026,Tarea de decisión léxica,2024.2.5,Win32,59.88023952,,,,,,,,,,,,,,,,,,,,,,,,253.2871,254.4875,a,1,0.5325,1,254.4875,254.9879,,,,,,199,MAS,WORD,AGR,150,lazo,,el,,0.5325,,254.9879,254.9879,0.011111111,-0.120138889,0,0,0,,0,119,119,198,1,fano,,,
,,,,,,5ef4c07dc8437809ba661613,676192165fb32c2e1fb7aee6,67d1941936d2f129390f63a1,2025-03-12_15h03.15.026,Tarea de decisión léxica,2024.2.5,Win32,59.88023952,,,,,,,,,,,,,,,,,,,,,,,,254.9883,256.1054,l,1,0.4626,1,256.1055,256.6058,,,,,,324,FEM,NOWORD,DIS,150,certa,,el,,0.4626,,256.6058,256.6059,0.011111111,-0.120138889,0,0,0,,0,120,120,323,1,cinta,,,
,,,,,,5ef4c07dc8437809ba661613,676192165fb32c2e1fb7aee6,67d1941936d2f129390f63a1,2025-03-12_15h03.15.026,Tarea de decisión léxica,2024.2.5,Win32,59.88023952,,,,,,,,,,,,,,,,,,,,,,,,256.6064,257.69,l,1,0.4288,1,257.6901,258.1904,,,,,,274,FEM,NOWORD,AGR,150,frosa,,la,,0.4288,,258.1905,258.1905,0.011111111,-0.120138889,0,0,0,,0,121,121,273,1,broma,,,
,,,,,,5ef4c07dc8437809ba661613,676192165fb32c2e1fb7aee6,67d1941936d2f129390f63a1,2025-03-12_15h03.15.026,Tarea de decisión léxica,2024.2.5,Win32,59.88023952,,,,,,,,,,,,,,,,,,,,,,,,258.191,259.2912,l,1,0.4428,1,259.2913,259.7917,,,,,,308,MAS,NOWORD,DIS,150,holol,,la,,0.4428,,259.7922,259.7925,0.011111111,-0.120138889,0,0,0,,0,122,122,307,1,hotel,,,
,,,,,,5ef4c07dc8437809ba661613,676192165fb32c2e1fb7aee6,67d1941936d2f129390f63a1,2025-03-12_15h03.15.026,Tarea de decisión léxica,2024.2.5,Win32,59.88023952,,,,,,,,,,,,,,,,,,,,,,,,259.7928,260.8927,l,1,0.4182,1,260.8927,261.393,,,,,,296,MAS,NOWORD,DIS,150,goler,,la,,0.4182,,261.393,261.3931,0.011111111,-0.120138889,0,0,0,,0,123,123,295,1,dolor,,,
,,,,,,5ef4c07dc8437809ba661613,676192165fb32c2e1fb7aee6,67d1941936d2f129390f63a1,2025-03-12_15h03.15.026,Tarea de decisión léxica,2024.2.5,Win32,59.88023952,,,,,,,,,,,,,,,,,,,,,,,,261.3937,262.4939,l,1,0.4416,1,262.4939,262.9942,,,,,,38,MAS,NOWORD,AGR,150,gaco,,el,,0.4416,,262.9943,262.9943,0.011111111,-0.120138889,0,0,0,,0,124,124,37,1,rato,,,
,,,,,,5ef4c07dc8437809ba661613,676192165fb32c2e1fb7aee6,67d1941936d2f129390f63a1,2025-03-12_15h03.15.026,Tarea de decisión léxica,2024.2.5,Win32,59.88023952,,,,,,,,,,,,,,,,,,,,,,,,262.9948,264.0952,l,1,0.4388,1,264.0952,264.5955,,,,,,368,MAS,NOWORD,DIS,150,rerob,,la,,0.4388,,264.5956,264.5956,0.011111111,-0.120138889,0,0,0,,0,125,125,367,1,reloj,,,
,,,,,,5ef4c07dc8437809ba661613,676192165fb32c2e1fb7aee6,67d1941936d2f129390f63a1,2025-03-12_15h03.15.026,Tarea de decisión léxica,2024.2.5,Win32,59.88023952,,,,,,,,,,,,,,,,,,,,,,,,264.5961,265.7298,a,1,0.4696,1,265.7299,266.2302,,,,,,375,FEM,WORD,DIS,150,salsa,,el,,0.4696,,266.2302,266.2303,0.011111111,-0.120138889,0,0,0,,0,126,126,374,1,sasna,,,
,,,,,,5ef4c07dc8437809ba661613,676192165fb32c2e1fb7aee6,67d1941936d2f129390f63a1,2025-03-12_15h03.15.026,Tarea de decisión léxica,2024.2.5,Win32,59.88023952,,,,,,,,,,,,,,,,,,,,,,,,266.2307,267.2976,a,1,0.4028,1,267.2977,267.7981,,,,,,79,FEM,WORD,DIS,150,piel,,el,,0.4028,,267.7986,267.7989,0.011111111,-0.120138889,0,0,0,,0,127,127,78,1,ciel,,,
,,,,,,5ef4c07dc8437809ba661613,676192165fb32c2e1fb7aee6,67d1941936d2f129390f63a1,2025-03-12_15h03.15.026,Tarea de decisión léxica,2024.2.5,Win32,59.88023952,,,,,,,,,,,,,,,,,,,,,,,,267.7992,268.849,a,1,0.3798,1,268.849,269.3493,,,,,,231,FEM,WORD,AGR,150,bota,,la,,0.3798,,269.3494,269.3494,0.011111111,-0.120138889,0,0,0,,0,128,128,230,1,heta,,,
,,,,,,5ef4c07dc8437809ba661613,676192165fb32c2e1fb7aee6,67d1941936d2f129390f63a1,2025-03-12_15h03.15.026,Tarea de decisión léxica,2024.2.5,Win32,59.88023952,,,,,,,,,,,,,,,,,,,,,,,,269.35,270.517,l,1,0.5078,1,270.517,271.0173,,,,,,292,FEM,NOWORD,DIS,150,mesta,,el,,0.5078,,271.0173,271.0174,0.011111111,-0.120138889,0,0,0,,0,129,129,291,1,pista,,,
,,,,,,5ef4c07dc8437809ba661613,676192165fb32c2e1fb7aee6,67d1941936d2f129390f63a1,2025-03-12_15h03.15.026,Tarea de decisión léxica,2024.2.5,Win32,59.88023952,,,,,,,,,,,,,,,,,,,,,,,,271.0179,272.0515,a,1,0.3759,1,272.0515,272.5519,,,,,,451,FEM,WORD,DIS,150,fruta,,el,,0.3759,,272.5519,272.5519,0.011111111,-0.120138889,0,0,0,,0,130,130,450,1,clita,,,
,,,,,,5ef4c07dc8437809ba661613,676192165fb32c2e1fb7aee6,67d1941936d2f129390f63a1,2025-03-12_15h03.15.026,Tarea de decisión léxica,2024.2.5,Win32,59.88023952,,,,,,,,,,,,,,,,,,,,,,,,272.5525,273.6361,a,1,0.4175,1,273.6362,274.1365,,,,,,97,MAS,WORD,DIS,150,mono,,la,,0.4175,,274.137,274.1374,0.011111111,-0.120138889,0,0,0,,0,131,131,96,1,fopo,,,
,,,,,,5ef4c07dc8437809ba661613,676192165fb32c2e1fb7aee6,67d1941936d2f129390f63a1,2025-03-12_15h03.15.026,Tarea de decisión léxica,2024.2.5,Win32,59.88023952,,,,,,,,,,,,,,,,,,,,,,,,274.1377,275.2041,l,1,0.3828,1,275.2041,275.7044,,,,,,220,FEM,NOWORD,DIS,150,miva,,el,,0.3828,,275.7044,275.7046,0.011111111,-0.120138889,0,0,0,,0,132,132,219,1,pipa,,,
,,,,,,5ef4c07dc8437809ba661613,676192165fb32c2e1fb7aee6,67d1941936d2f129390f63a1,2025-03-12_15h03.15.026,Tarea de decisión léxica,2024.2.5,Win32,59.88023952,,,,,,,,,,,,,,,,,,,,,,,,275.7051,276.7553,l,1,0.3941,1,276.7553,277.2557,,,,,,42,FEM,NOWORD,AGR,150,haje,,la,,0.3941,,277.2557,277.2557,0.011111111,-0.120138889,0,0,0,,0,133,133,41,1,nave,,,
,,,,,,5ef4c07dc8437809ba661613,676192165fb32c2e1fb7aee6,67d1941936d2f129390f63a1,2025-03-12_15h03.15.026,Tarea de decisión léxica,2024.2.5,Win32,59.88023952,,,,,,,,,,,,,,,,,,,,,,,,277.2563,278.2732,l,0,0.3536,0,278.2736,278.7736,,,,,,61,FEM,WORD,AGR,150,obra,,la,,0.3536,,278.7736,278.7736,0.011111111,-0.120138889,0,0,0,,0,134,134,60,1,efla,,,
,,,,,,5ef4c07dc8437809ba661613,676192165fb32c2e1fb7aee6,67d1941936d2f129390f63a1,2025-03-12_15h03.15.026,Tarea de decisión léxica,2024.2.5,Win32,59.88023952,,,,,,,,,,,,,,,,,,,,,,,,278.7741,279.791,a,1,0.357,1,279.7914,280.2914,,,,,,281,MAS,WORD,AGR,150,cielo,,el,,0.357,,280.2914,280.2915,0.011111111,-0.120138889,0,0,0,,0,135,135,280,1,cauro,,,
,,,,,,5ef4c07dc8437809ba661613,676192165fb32c2e1fb7aee6,67d1941936d2f129390f63a1,2025-03-12_15h03.15.026,Tarea de decisión léxica,2024.2.5,Win32,59.88023952,,,,,,,,,,,,,,,,,,,,,,,,280.292,281.3256,l,1,0.3729,1,281.3256,281.826,,,,,,426,FEM,NOWORD,AGR,150,virca,,la,,0.3729,,281.8265,281.8269,0.011111111,-0.120138889,0,0,0,,0,136,136,425,1,viuda,,,
,,,,,,5ef4c07dc8437809ba661613,676192165fb32c2e1fb7aee6,67d1941936d2f129390f63a1,2025-03-12_15h03.15.026,Tarea de decisión léxica,2024.2.5,Win32,59.88023952,,,,,,,,,,,,,,,,,,,,,,,,281.8272,283.0437,l,1,0.5357,1,283.0437,283.544,,,,,,170,MAS,NOWORD,AGR,150,mibo,,el,,0.5357,,283.544,283.5441,0.011111111,-0.120138889,0,0,0,,0,137,137,169,1,cubo,,,
,,,,,,5ef4c07dc8437809ba661613,676192165fb32c2e1fb7aee6,67d1941936d2f129390f63a1,2025-03-12_15h03.15.026,Tarea de decisión léxica,2024.2.5,Win32,59.88023952,,,,,,,,,,,,,,,,,,,,,,,,283.5446,284.6783,l,1,0.4658,1,284.6783,285.1786,,,,,,286,MAS,NOWORD,AGR,150,echor,,el,,0.4658,,285.1787,285.1788,0.011111111,-0.120138889,0,0,0,,0,138,138,285,1,error,,,
,,,,,,5ef4c07dc8437809ba661613,676192165fb32c2e1fb7aee6,67d1941936d2f129390f63a1,2025-03-12_15h03.15.026,Tarea de decisión léxica,2024.2.5,Win32,59.88023952,,,,,,,,,,,,,,,,,,,,,,,,285.1792,286.2796,a,0,0.4314,0,286.2799,286.78,,,,,,294,MAS,NOWORD,AGR,150,cacso,,el,,0.4314,,286.78,286.78,0.011111111,-0.120138889,0,0,0,,0,139,139,293,1,campo,,,
,,,,,,5ef4c07dc8437809ba661613,676192165fb32c2e1fb7aee6,67d1941936d2f129390f63a1,2025-03-12_15h03.15.026,Tarea de decisión léxica,2024.2.5,Win32,59.88023952,,,,,,,,,,,,,,,,,,,,,,,,286.7806,288.0977,l,1,0.6532,1,288.098,288.5981,,,,,,268,MAS,NOWORD,DIS,150,figro,,la,,0.6532,,288.5981,288.5981,0.011111111,-0.120138889,0,0,0,,0,140,140,267,1,libro,,,
,,,,,,5ef4c07dc8437809ba661613,676192165fb32c2e1fb7aee6,67d1941936d2f129390f63a1,2025-03-12_15h03.15.026,Tarea de decisión léxica,2024.2.5,Win32,59.88023952,,,,,,,,,,,,,,,,,,,,,,,,288.5986,289.7491,l,1,0.4911,1,289.7491,290.2494,,,,,,10,MAS,NOWORD,AGR,150,sibo,,el,,0.4911,,290.25,290.2502,0.011111111,-0.120138889,0,0,0,,0,141,141,9,1,tipo,,,
,,,,,,5ef4c07dc8437809ba661613,676192165fb32c2e1fb7aee6,67d1941936d2f129390f63a1,2025-03-12_15h03.15.026,Tarea de decisión léxica,2024.2.5,Win32,59.88023952,,,,,,,,,,,,,,,,,,,,,,,,290.2506,291.5171,a,1,0.5843,1,291.5172,292.0174,,,,,,295,MAS,WORD,AGR,150,dolor,,el,,0.5843,,292.0174,292.0175,0.011111111,-0.120138889,0,0,0,,0,142,142,294,1,goler,,,
,,,,,,5ef4c07dc8437809ba661613,676192165fb32c2e1fb7aee6,67d1941936d2f129390f63a1,2025-03-12_15h03.15.026,Tarea de decisión léxica,2024.2.5,Win32,59.88023952,,,,,,,,,,,,,,,,,,,,,,,,292.0181,293.1184,l,1,0.4388,1,293.1184,293.6188,,,,,,84,FEM,NOWORD,DIS,150,taga,,el,,0.4388,,293.6188,293.6188,0.011111111,-0.120138889,0,0,0,,0,143,143,83,1,bala,,,
,,,,,,5ef4c07dc8437809ba661613,676192165fb32c2e1fb7aee6,67d1941936d2f129390f63a1,2025-03-12_15h03.15.026,Tarea de decisión léxica,2024.2.5,Win32,59.88023952,,,,,,,,,,,,,,,,,,,,,,,,293.6192,294.6863,l,1,0.4065,1,294.6863,295.1867,,,,,,402,MAS,NOWORD,AGR,150,pirvo,,el,,0.4065,,295.1868,295.1868,0.011111111,-0.120138889,0,0,0,,0,144,144,401,1,polvo,,,
,,,,,,5ef4c07dc8437809ba661613,676192165fb32c2e1fb7aee6,67d1941936d2f129390f63a1,2025-03-12_15h03.15.026,Tarea de decisión léxica,2024.2.5,Win32,59.88023952,,,,,,,,,,,,,,,,,,,,,,,,295.1873,296.3042,l,1,0.4615,1,296.3043,296.8047,,,,,,252,MAS,NOWORD,DIS,150,refor,,la,,0.4615,,296.8047,296.8047,0.011111111,-0.120138889,0,0,0,,0,145,145,251,1,señor,,,
,,,,,,5ef4c07dc8437809ba661613,676192165fb32c2e1fb7aee6,67d1941936d2f129390f63a1,2025-03-12_15h03.15.026,Tarea de decisión léxica,2024.2.5,Win32,59.88023952,,,,,,,,,,,,,,,,,,,,,,,,296.8052,297.8222,a,1,0.3491,1,297.8222,298.3226,,,,,,411,MAS,WORD,AGR,150,pollo,,el,,0.3491,,298.3231,298.3233,0.011111111,-0.120138889,0,0,0,,0,146,146,410,1,mobro,,,
,,,,,,5ef4c07dc8437809ba661613,676192165fb32c2e1fb7aee6,67d1941936d2f129390f63a1,2025-03-12_15h03.15.026,Tarea de decisión léxica,2024.2.5,Win32,59.88023952,,,,,,,,,,,,,,,,,,,,,,,,298.3237,299.3567,a,1,0.3504,1,299.3567,299.8571,,,,,,303,MAS,WORD,AGR,150,barco,,el,,0.3504,,299.8571,299.8571,0.011111111,-0.120138889,0,0,0,,0,147,147,302,1,lanco,,,
,,,,,,5ef4c07dc8437809ba661613,676192165fb32c2e1fb7aee6,67d1941936d2f129390f63a1,2025-03-12_15h03.15.026,Tarea de decisión léxica,2024.2.5,Win32,59.88023952,,,,,,,,,,,,,,,,,,,,,,,,299.8576,300.9079,l,0,0.3919,0,300.9083,301.4083,,,,,,187,MAS,WORD,DIS,150,mito,,la,,0.3919,,301.4084,301.4084,0.011111111,-0.120138889,0,0,0,,0,148,148,186,1,suto,,,
,,,,,,5ef4c07dc8437809ba661613,676192165fb32c2e1fb7aee6,67d1941936d2f129390f63a1,2025-03-12_15h03.15.026,Tarea de decisión léxica,2024.2.5,Win32,59.88023952,,,,,,,,,,,,,,,,,,,,,,,,301.4089,302.6427,a,1,0.5701,1,302.643,303.143,,,,,,407,FEM,WORD,AGR,150,cueva,,la,,0.5701,,303.143,303.1431,0.011111111,-0.120138889,0,0,0,,0,149,149,406,1,cauba,,,
,,,,,,5ef4c07dc8437809ba661613,676192165fb32c2e1fb7aee6,67d1941936d2f129390f63a1,2025-03-12_15h03.15.026,Tarea de decisión léxica,2024.2.5,Win32,59.88023952,,,,,,,,,,,,,,,,,,,,,,,,303.1436,304.4941,l,1,0.6901,1,304.4942,304.9945,,,,,,458,MAS,NOWORD,AGR,150,glaco,,el,,0.6901,,304.9945,304.9946,0.011111111,-0.120138889,0,0,0,,0,150,150,457,1,plato,,,
,,,,,,5ef4c07dc8437809ba661613,676192165fb32c2e1fb7aee6,67d1941936d2f129390f63a1,2025-03-12_15h03.15.026,Tarea de decisión léxica,2024.2.5,Win32,59.88023952,,,,,,,,,,,,,,,,,,,,,,,,304.9951,306.1287,l,1,0.4788,1,306.1288,306.6291,,,,,,282,MAS,NOWORD,AGR,150,cauro,,el,,0.4788,,306.6297,306.63,0.011111111,-0.120138889,0,0,0,,0,151,151,281,1,cielo,,,
,,,,,,5ef4c07dc8437809ba661613,676192165fb32c2e1fb7aee6,67d1941936d2f129390f63a1,2025-03-12_15h03.15.026,Tarea de decisión léxica,2024.2.5,Win32,59.88023952,,,,,,,,,,,,,,,,,,,,,,,,306.6303,307.9803,a,1,0.6687,1,307.9803,308.4807,,,,,,379,MAS,WORD,DIS,150,turno,,la,,0.6687,,308.4808,308.4808,0.011111111,-0.120138889,0,0,0,,0,152,152,378,1,tunso,,,
,,,,,,5ef4c07dc8437809ba661613,676192165fb32c2e1fb7aee6,67d1941936d2f129390f63a1,2025-03-12_15h03.15.026,Tarea de decisión léxica,2024.2.5,Win32,59.88023952,,,,,,,,,,,,,,,,,,,,,,,,308.4813,309.5648,l,1,0.4164,1,309.5649,310.0652,,,,,,258,FEM,NOWORD,AGR,150,asama,,la,,0.4164,,310.0653,310.0653,0.011111111,-0.120138889,0,0,0,,0,153,153,257,1,amiga,,,
,,,,,,5ef4c07dc8437809ba661613,676192165fb32c2e1fb7aee6,67d1941936d2f129390f63a1,2025-03-12_15h03.15.026,Tarea de decisión léxica,2024.2.5,Win32,59.88023952,,,,,,,,,,,,,,,,,,,,,,,,310.0658,311.1494,l,1,0.4229,1,311.1495,311.6499,,,,,,446,MAS,NOWORD,AGR,150,ascor,,el,,0.4229,,311.6499,311.65,0.011111111,-0.120138889,0,0,0,,0,154,154,445,1,actor,,,
,,,,,,5ef4c07dc8437809ba661613,676192165fb32c2e1fb7aee6,67d1941936d2f129390f63a1,2025-03-12_15h03.15.026,Tarea de decisión léxica,2024.2.5,Win32,59.88023952,,,,,,,,,,,,,,,,,,,,,,,,311.6505,312.6507,a,1,0.3432,1,312.6507,313.1511,,,,,,35,MAS,WORD,AGR,150,pelo,,el,,0.3432,,313.1516,313.152,0.011111111,-0.120138889,0,0,0,,0,155,155,34,1,meno,,,
,,,,,,5ef4c07dc8437809ba661613,676192165fb32c2e1fb7aee6,67d1941936d2f129390f63a1,2025-03-12_15h03.15.026,Tarea de decisión léxica,2024.2.5,Win32,59.88023952,,,,,,,,,,,,,,,,,,,,,,,,313.1524,314.1519,l,1,0.3308,1,314.1519,314.6522,,,,,,66,MAS,NOWORD,AGR,150,nios,,el,,0.3308,,314.6522,314.6524,0.011111111,-0.120138889,0,0,0,,0,156,156,65,1,dios,,,
,,,,,,5ef4c07dc8437809ba661613,676192165fb32c2e1fb7aee6,67d1941936d2f129390f63a1,2025-03-12_15h03.15.026,Tarea de decisión léxica,2024.2.5,Win32,59.88023952,,,,,,,,,,,,,,,,,,,,,,,,314.6531,315.6531,a,1,0.3409,1,315.6531,316.1534,,,,,,305,MAS,WORD,DIS,150,avión,,la,,0.3409,,316.1535,316.1535,0.011111111,-0.120138889,0,0,0,,0,157,157,304,1,adiol,,,
,,,,,,5ef4c07dc8437809ba661613,676192165fb32c2e1fb7aee6,67d1941936d2f129390f63a1,2025-03-12_15h03.15.026,Tarea de decisión léxica,2024.2.5,Win32,59.88023952,,,,,,,,,,,,,,,,,,,,,,,,316.154,317.2376,a,1,0.4173,1,317.2377,317.7381,,,,,,345,FEM,WORD,DIS,150,arena,,el,,0.4173,,317.7381,317.7381,0.011111111,-0.120138889,0,0,0,,0,158,158,344,1,anera,,,
,,,,,,5ef4c07dc8437809ba661613,676192165fb32c2e1fb7aee6,67d1941936d2f129390f63a1,2025-03-12_15h03.15.026,Tarea de decisión léxica,2024.2.5,Win32,59.88023952,,,,,,,,,,,,,,,,,,,,,,,,317.7386,318.889,l,1,0.487,1,318.889,319.3894,,,,,,470,MAS,NOWORD,AGR,150,matia,,el,,0.487,,319.3894,319.3894,0.011111111,-0.120138889,0,0,0,,0,159,159,469,1,patio,,,
,,,,,,5ef4c07dc8437809ba661613,676192165fb32c2e1fb7aee6,67d1941936d2f129390f63a1,2025-03-12_15h03.15.026,Tarea de decisión léxica,2024.2.5,Win32,59.88023952,,,,,,,,,,,,,,,,,,,,,,,,319.3899,320.4402,l,1,0.3957,1,320.4403,320.9406,,,,,,76,MAS,NOWORD,DIS,150,ocer,,la,,0.3957,,320.9412,387.2439,0.055555556,-0.400694444,1,0,0,,0,160,160,75,1,olor,break_done_button,,
,,,,,,5ef4c07dc8437809ba661613,676192165fb32c2e1fb7aee6,67d1941936d2f129390f63a1,2025-03-12_15h03.15.026,Tarea de decisión léxica,2024.2.5,Win32,59.88023952,,,,,,,,,,,,,,,,,,,,,,,,387.2444,388.5614,l,1,0.6542,1,388.5615,389.0618,,,,,,202,FEM,NOWORD,AGR,150,cusa,,la,,0.6542,,389.0618,389.0619,0.165277778,-0.360416667,0,0,0,,0,161,161,201,1,cuna,,,
,,,,,,5ef4c07dc8437809ba661613,676192165fb32c2e1fb7aee6,67d1941936d2f129390f63a1,2025-03-12_15h03.15.026,Tarea de decisión léxica,2024.2.5,Win32,59.88023952,,,,,,,,,,,,,,,,,,,,,,,,389.0624,390.3962,l,1,0.6753,1,390.3963,390.8967,,,,,,158,MAS,NOWORD,AGR,150,hico,,el,,0.6753,,390.8967,390.8968,0.165277778,-0.360416667,0,0,0,,0,162,162,157,1,nido,,,
,,,,,,5ef4c07dc8437809ba661613,676192165fb32c2e1fb7aee6,67d1941936d2f129390f63a1,2025-03-12_15h03.15.026,Tarea de decisión léxica,2024.2.5,Win32,59.88023952,,,,,,,,,,,,,,,,,,,,,,,,390.8973,391.9975,l,1,0.4418,1,391.9976,392.4979,,,,,,50,FEM,NOWORD,AGR,150,ecat,,la,,0.4418,,392.4979,392.498,0.165277778,-0.360416667,0,0,0,,0,163,163,49,1,edad,,,
,,,,,,5ef4c07dc8437809ba661613,676192165fb32c2e1fb7aee6,67d1941936d2f129390f63a1,2025-03-12_15h03.15.026,Tarea de decisión léxica,2024.2.5,Win32,59.88023952,,,,,,,,,,,,,,,,,,,,,,,,392.4985,393.5655,l,1,0.4071,1,393.5655,394.0658,,,,,,278,MAS,NOWORD,AGR,150,vuemo,,el,,0.4071,,394.0658,394.0659,0.165277778,-0.360416667,0,0,0,,0,164,164,277,1,fuego,,,
,,,,,,5ef4c07dc8437809ba661613,676192165fb32c2e1fb7aee6,67d1941936d2f129390f63a1,2025-03-12_15h03.15.026,Tarea de decisión léxica,2024.2.5,Win32,59.88023952,,,,,,,,,,,,,,,,,,,,,,,,394.0664,395.05,a,1,0.3192,1,395.05,395.5504,,,,,,55,MAS,WORD,AGR,150,gato,,el,,0.3192,,395.5509,395.5513,0.165277778,-0.360416667,0,0,0,,0,165,165,54,1,jado,,,
,,,,,,5ef4c07dc8437809ba661613,676192165fb32c2e1fb7aee6,67d1941936d2f129390f63a1,2025-03-12_15h03.15.026,Tarea de decisión léxica,2024.2.5,Win32,59.88023952,,,,,,,,,,,,,,,,,,,,,,,,395.5516,396.6012,a,1,0.3712,1,396.6013,397.1016,,,,,,417,FEM,WORD,DIS,150,barba,,el,,0.3712,,397.1016,397.1017,0.165277778,-0.360416667,0,0,0,,0,166,166,416,1,banja,,,
,,,,,,5ef4c07dc8437809ba661613,676192165fb32c2e1fb7aee6,67d1941936d2f129390f63a1,2025-03-12_15h03.15.026,Tarea de decisión léxica,2024.2.5,Win32,59.88023952,,,,,,,,,,,,,,,,,,,,,,,,397.1022,398.0524,a,1,0.2834,1,398.0524,398.5528,,,,,,349,MAS,WORD,DIS,150,color,,la,,0.2834,,398.5528,398.5529,0.165277778,-0.360416667,0,0,0,,0,167,167,348,1,cosir,,,
,,,,,,5ef4c07dc8437809ba661613,676192165fb32c2e1fb7aee6,67d1941936d2f129390f63a1,2025-03-12_15h03.15.026,Tarea de decisión léxica,2024.2.5,Win32,59.88023952,,,,,,,,,,,,,,,,,,,,,,,,398.5533,399.6036,l,1,0.3843,1,399.6036,400.104,,,,,,450,FEM,NOWORD,AGR,150,crusa,,la,,0.3843,,400.104,400.1041,0.165277778,-0.360416667,0,0,0,,0,168,168,449,1,pluma,,,
,,,,,,5ef4c07dc8437809ba661613,676192165fb32c2e1fb7aee6,67d1941936d2f129390f63a1,2025-03-12_15h03.15.026,Tarea de decisión léxica,2024.2.5,Win32,59.88023952,,,,,,,,,,,,,,,,,,,,,,,,400.1046,401.2049,l,1,0.4331,1,401.205,401.7053,,,,,,32,FEM,NOWORD,DIS,150,bova,,el,,0.4331,,401.7053,401.7054,0.165277778,-0.360416667,0,0,0,,0,169,169,31,1,ropa,,,
,,,,,,5ef4c07dc8437809ba661613,676192165fb32c2e1fb7aee6,67d1941936d2f129390f63a1,2025-03-12_15h03.15.026,Tarea de decisión léxica,2024.2.5,Win32,59.88023952,,,,,,,,,,,,,,,,,,,,,,,,401.706,402.7728,a,1,0.4092,1,402.7729,403.2733,,,,,,235,FEM,WORD,AGR,150,grúa,,la,,0.4092,,403.2737,403.2741,0.165277778,-0.360416667,0,0,0,,0,170,170,234,1,tria,,,
,,,,,,5ef4c07dc8437809ba661613,676192165fb32c2e1fb7aee6,67d1941936d2f129390f63a1,2025-03-12_15h03.15.026,Tarea de decisión léxica,2024.2.5,Win32,59.88023952,,,,,,,,,,,,,,,,,,,,,,,,403.2745,404.3073,l,1,0.3606,1,404.3074,404.8078,,,,,,384,FEM,NOWORD,DIS,150,brame,,el,,0.3606,,404.8078,404.8078,0.165277778,-0.360416667,0,0,0,,0,171,171,383,1,frase,,,
,,,,,,5ef4c07dc8437809ba661613,676192165fb32c2e1fb7aee6,67d1941936d2f129390f63a1,2025-03-12_15h03.15.026,Tarea de decisión léxica,2024.2.5,Win32,59.88023952,,,,,,,,,,,,,,,,,,,,,,,,404.8084,405.892,l,1,0.4253,1,405.8921,406.3924,,,,,,90,MAS,NOWORD,AGR,150,guso,,el,,0.4253,,406.3924,406.3925,0.165277778,-0.360416667,0,0,0,,0,172,172,89,1,humo,,,
,,,,,,5ef4c07dc8437809ba661613,676192165fb32c2e1fb7aee6,67d1941936d2f129390f63a1,2025-03-12_15h03.15.026,Tarea de decisión léxica,2024.2.5,Win32,59.88023952,,,,,,,,,,,,,,,,,,,,,,,,406.393,407.4265,a,1,0.3766,1,407.4266,407.927,,,,,,69,FEM,WORD,DIS,150,zona,,el,,0.3766,,407.927,407.927,0.165277778,-0.360416667,0,0,0,,0,173,173,68,1,ñola,,,
,,,,,,5ef4c07dc8437809ba661613,676192165fb32c2e1fb7aee6,67d1941936d2f129390f63a1,2025-03-12_15h03.15.026,Tarea de decisión léxica,2024.2.5,Win32,59.88023952,,,,,,,,,,,,,,,,,,,,,,,,407.9275,408.9611,a,1,0.3781,1,408.9611,409.4615,,,,,,123,FEM,WORD,DIS,150,flor,,el,,0.3781,,409.4615,409.4615,0.165277778,-0.360416667,0,0,0,,0,174,174,122,1,maba,,,
,,,,,,5ef4c07dc8437809ba661613,676192165fb32c2e1fb7aee6,67d1941936d2f129390f63a1,2025-03-12_15h03.15.026,Tarea de decisión léxica,2024.2.5,Win32,59.88023952,,,,,,,,,,,,,,,,,,,,,,,,409.4621,410.529,a,1,0.4114,1,410.529,411.0294,,,,,,333,FEM,WORD,AGR,150,tarea,,la,,0.4114,,411.0299,411.0303,0.165277778,-0.360416667,0,0,0,,0,175,175,332,1,dalea,,,
,,,,,,5ef4c07dc8437809ba661613,676192165fb32c2e1fb7aee6,67d1941936d2f129390f63a1,2025-03-12_15h03.15.026,Tarea de decisión léxica,2024.2.5,Win32,59.88023952,,,,,,,,,,,,,,,,,,,,,,,,411.0306,412.1637,l,1,0.4599,1,412.1637,412.6641,,,,,,418,FEM,NOWORD,AGR,150,banja,,la,,0.4599,,412.6641,412.6641,0.165277778,-0.360416667,0,0,0,,0,176,176,417,1,barba,,,
,,,,,,5ef4c07dc8437809ba661613,676192165fb32c2e1fb7aee6,67d1941936d2f129390f63a1,2025-03-12_15h03.15.026,Tarea de decisión léxica,2024.2.5,Win32,59.88023952,,,,,,,,,,,,,,,,,,,,,,,,412.6647,413.7316,l,1,0.4008,1,413.7316,414.232,,,,,,310,FEM,NOWORD,AGR,150,tirra,,la,,0.4008,,414.232,414.232,0.165277778,-0.360416667,0,0,0,,0,177,177,309,1,silla,,,
,,,,,,5ef4c07dc8437809ba661613,676192165fb32c2e1fb7aee6,67d1941936d2f129390f63a1,2025-03-12_15h03.15.026,Tarea de decisión léxica,2024.2.5,Win32,59.88023952,,,,,,,,,,,,,,,,,,,,,,,,414.2326,415.1995,a,0,0.298,0,415.1999,415.6999,,,,,,26,FEM,NOWORD,AGR,150,paza,,la,,0.298,,415.6999,415.6999,0.165277778,-0.360416667,0,0,0,,0,178,178,25,1,cama,,,
,,,,,,5ef4c07dc8437809ba661613,676192165fb32c2e1fb7aee6,67d1941936d2f129390f63a1,2025-03-12_15h03.15.026,Tarea de decisión léxica,2024.2.5,Win32,59.88023952,,,,,,,,,,,,,,,,,,,,,,,,415.7003,416.8507,l,1,0.4852,1,416.8512,417.3511,,,,,,194,FEM,NOWORD,AGR,150,foda,,la,,0.4852,,417.3516,417.3518,0.165277778,-0.360416667,0,0,0,,0,179,179,193,1,loca,,,
,,,,,,5ef4c07dc8437809ba661613,676192165fb32c2e1fb7aee6,67d1941936d2f129390f63a1,2025-03-12_15h03.15.026,Tarea de decisión léxica,2024.2.5,Win32,59.88023952,,,,,,,,,,,,,,,,,,,,,,,,417.3521,418.4854,l,1,0.4506,1,418.4855,418.9858,,,,,,74,MAS,NOWORD,AGR,150,omio,,el,,0.4506,,418.9859,418.9859,0.165277778,-0.360416667,0,0,0,,0,180,180,73,1,odio,,,
,,,,,,5ef4c07dc8437809ba661613,676192165fb32c2e1fb7aee6,67d1941936d2f129390f63a1,2025-03-12_15h03.15.026,Tarea de decisión léxica,2024.2.5,Win32,59.88023952,,,,,,,,,,,,,,,,,,,,,,,,418.9864,420.1867,a,1,0.5447,1,420.1867,420.6871,,,,,,105,FEM,WORD,AGR,150,sopa,,la,,0.5447,,420.6871,420.6872,0.165277778,-0.360416667,0,0,0,,0,181,181,104,1,vina,,,
,,,,,,5ef4c07dc8437809ba661613,676192165fb32c2e1fb7aee6,67d1941936d2f129390f63a1,2025-03-12_15h03.15.026,Tarea de decisión léxica,2024.2.5,Win32,59.88023952,,,,,,,,,,,,,,,,,,,,,,,,420.6877,421.7547,a,1,0.4008,1,421.7547,422.2551,,,,,,445,MAS,WORD,AGR,150,actor,,el,,0.4008,,422.2551,422.2551,0.165277778,-0.360416667,0,0,0,,0,182,182,444,1,ascor,,,
,,,,,,5ef4c07dc8437809ba661613,676192165fb32c2e1fb7aee6,67d1941936d2f129390f63a1,2025-03-12_15h03.15.026,Tarea de decisión léxica,2024.2.5,Win32,59.88023952,,,,,,,,,,,,,,,,,,,,,,,,422.2556,423.5228,a,1,0.6088,1,423.5228,424.0231,,,,,,165,FEM,WORD,AGR,150,vela,,la,,0.6088,,424.0232,424.0232,0.165277778,-0.360416667,0,0,0,,0,183,183,164,1,dera,,,
,,,,,,5ef4c07dc8437809ba661613,676192165fb32c2e1fb7aee6,67d1941936d2f129390f63a1,2025-03-12_15h03.15.026,Tarea de decisión léxica,2024.2.5,Win32,59.88023952,,,,,,,,,,,,,,,,,,,,,,,,424.0237,425.2575,a,1,0.5698,1,425.2576,425.7578,,,,,,135,MAS,WORD,DIS,150,tubo,,la,,0.5698,,425.7584,425.7587,0.165277778,-0.360416667,0,0,0,,0,184,184,134,1,geso,,,
,,,,,,5ef4c07dc8437809ba661613,676192165fb32c2e1fb7aee6,67d1941936d2f129390f63a1,2025-03-12_15h03.15.026,Tarea de decisión léxica,2024.2.5,Win32,59.88023952,,,,,,,,,,,,,,,,,,,,,,,,425.759,426.8755,l,1,0.4357,1,426.8755,427.3758,,,,,,348,FEM,NOWORD,DIS,150,mueza,,el,,0.4357,,427.3758,427.3759,0.165277778,-0.360416667,0,0,0,,0,185,185,347,1,pieza,,,
,,,,,,5ef4c07dc8437809ba661613,676192165fb32c2e1fb7aee6,67d1941936d2f129390f63a1,2025-03-12_15h03.15.026,Tarea de decisión léxica,2024.2.5,Win32,59.88023952,,,,,,,,,,,,,,,,,,,,,,,,427.3764,428.4434,a,1,0.4091,1,428.4435,428.9438,,,,,,161,MAS,WORD,DIS,150,coro,,la,,0.4091,,428.9438,428.9438,0.165277778,-0.360416667,0,0,0,,0,186,186,160,1,bopo,,,
,,,,,,5ef4c07dc8437809ba661613,676192165fb32c2e1fb7aee6,67d1941936d2f129390f63a1,2025-03-12_15h03.15.026,Tarea de decisión léxica,2024.2.5,Win32,59.88023952,,,,,,,,,,,,,,,,,,,,,,,,428.9443,429.9779,a,1,0.3682,1,429.978,430.4783,,,,,,441,FEM,WORD,DIS,150,selva,,el,,0.3682,,430.4783,430.4784,0.165277778,-0.360416667,0,0,0,,0,187,187,440,1,telza,,,
,,,,,,5ef4c07dc8437809ba661613,676192165fb32c2e1fb7aee6,67d1941936d2f129390f63a1,2025-03-12_15h03.15.026,Tarea de decisión léxica,2024.2.5,Win32,59.88023952,,,,,,,,,,,,,,,,,,,,,,,,430.4789,431.4791,l,1,0.3388,1,431.4792,431.9796,,,,,,2,FEM,NOWORD,AGR,150,mada,,la,,0.3388,,431.9796,431.9796,0.165277778,-0.360416667,0,0,0,,0,188,188,1,1,casa,,,
,,,,,,5ef4c07dc8437809ba661613,676192165fb32c2e1fb7aee6,67d1941936d2f129390f63a1,2025-03-12_15h03.15.026,Tarea de decisión léxica,2024.2.5,Win32,59.88023952,,,,,,,,,,,,,,,,,,,,,,,,431.9801,433.1138,l,1,0.4708,1,433.1138,433.6142,,,,,,436,MAS,NOWORD,DIS,150,ricno,,la,,0.4708,,433.6146,433.615,0.165277778,-0.360416667,0,0,0,,0,189,189,435,1,ritmo,,,
,,,,,,5ef4c07dc8437809ba661613,676192165fb32c2e1fb7aee6,67d1941936d2f129390f63a1,2025-03-12_15h03.15.026,Tarea de decisión léxica,2024.2.5,Win32,59.88023952,,,,,,,,,,,,,,,,,,,,,,,,433.6153,434.6818,a,1,0.3876,1,434.6819,435.1821,,,,,,19,MAS,WORD,AGR,150,niño,,el,,0.3876,,435.1821,435.1822,0.165277778,-0.360416667,0,0,0,,0,190,190,18,1,himo,,,
,,,,,,5ef4c07dc8437809ba661613,676192165fb32c2e1fb7aee6,67d1941936d2f129390f63a1,2025-03-12_15h03.15.026,Tarea de decisión léxica,2024.2.5,Win32,59.88023952,,,,,,,,,,,,,,,,,,,,,,,,435.1827,436.4497,a,1,0.6111,1,436.4498,436.9502,,,,,,189,MAS,WORD,AGR,150,puño,,el,,0.6111,,436.9502,436.9502,0.165277778,-0.360416667,0,0,0,,0,191,191,188,1,muvo,,,
,,,,,,5ef4c07dc8437809ba661613,676192165fb32c2e1fb7aee6,67d1941936d2f129390f63a1,2025-03-12_15h03.15.026,Tarea de decisión léxica,2024.2.5,Win32,59.88023952,,,,,,,,,,,,,,,,,,,,,,,,436.9507,438.001,a,1,0.3947,1,438.0011,438.5014,,,,,,385,FEM,WORD,DIS,150,letra,,el,,0.3947,,438.5014,438.5015,0.165277778,-0.360416667,0,0,0,,0,192,192,384,1,febra,,,
,,,,,,5ef4c07dc8437809ba661613,676192165fb32c2e1fb7aee6,67d1941936d2f129390f63a1,2025-03-12_15h03.15.026,Tarea de decisión léxica,2024.2.5,Win32,59.88023952,,,,,,,,,,,,,,,,,,,,,,,,438.502,439.6523,a,1,0.4836,1,439.6524,440.1528,,,,,,307,MAS,WORD,AGR,150,hotel,,el,,0.4836,,440.1528,440.1528,0.165277778,-0.360416667,0,0,0,,0,193,193,306,1,holol,,,
,,,,,,5ef4c07dc8437809ba661613,676192165fb32c2e1fb7aee6,67d1941936d2f129390f63a1,2025-03-12_15h03.15.026,Tarea de decisión léxica,2024.2.5,Win32,59.88023952,,,,,,,,,,,,,,,,,,,,,,,,440.1533,441.654,l,1,0.8329,1,441.654,442.1544,,,,,,62,FEM,NOWORD,AGR,150,efla,,la,,0.8329,,442.1549,442.1552,0.165277778,-0.360416667,0,0,0,,0,194,194,61,1,obra,,,
,,,,,,5ef4c07dc8437809ba661613,676192165fb32c2e1fb7aee6,67d1941936d2f129390f63a1,2025-03-12_15h03.15.026,Tarea de decisión léxica,2024.2.5,Win32,59.88023952,,,,,,,,,,,,,,,,,,,,,,,,442.1555,443.4053,l,1,0.5752,1,443.4054,443.9057,,,,,,460,MAS,NOWORD,DIS,150,fraco,,la,,0.5752,,443.9057,443.9059,0.165277778,-0.360416667,0,0,0,,0,195,195,459,1,grado,,,
,,,,,,5ef4c07dc8437809ba661613,676192165fb32c2e1fb7aee6,67d1941936d2f129390f63a1,2025-03-12_15h03.15.026,Tarea de decisión léxica,2024.2.5,Win32,59.88023952,,,,,,,,,,,,,,,,,,,,,,,,443.9064,445.4408,l,1,0.8782,1,445.4408,445.9407,,,,,,114,FEM,NOWORD,AGR,150,tada,,la,,0.8782,,445.9407,445.9407,0.165277778,-0.360416667,0,0,0,,0,196,196,113,1,miel,,,
,,,,,,5ef4c07dc8437809ba661613,676192165fb32c2e1fb7aee6,67d1941936d2f129390f63a1,2025-03-12_15h03.15.026,Tarea de decisión léxica,2024.2.5,Win32,59.88023952,,,,,,,,,,,,,,,,,,,,,,,,445.9413,447.0917,l,1,0.4842,1,447.0917,447.5921,,,,,,264,FEM,NOWORD,DIS,150,dosta,,el,,0.4842,,447.5921,447.5921,0.165277778,-0.360416667,0,0,0,,0,197,197,263,1,vista,,,
,,,,,,5ef4c07dc8437809ba661613,676192165fb32c2e1fb7aee6,67d1941936d2f129390f63a1,2025-03-12_15h03.15.026,Tarea de decisión léxica,2024.2.5,Win32,59.88023952,,,,,,,,,,,,,,,,,,,,,,,,447.5926,448.6763,a,1,0.4251,1,448.6764,449.1766,,,,,,147,FEM,WORD,DIS,150,hoja,,el,,0.4251,,449.1767,449.1767,0.165277778,-0.360416667,0,0,0,,0,198,198,146,1,pama,,,
,,,,,,5ef4c07dc8437809ba661613,676192165fb32c2e1fb7aee6,67d1941936d2f129390f63a1,2025-03-12_15h03.15.026,Tarea de decisión léxica,2024.2.5,Win32,59.88023952,,,,,,,,,,,,,,,,,,,,,,,,449.1773,450.2108,a,1,0.3763,1,450.2109,450.7111,,,,,,429,FEM,WORD,AGR,150,tarta,,la,,0.3763,,450.7117,450.712,0.165277778,-0.360416667,0,0,0,,0,199,199,428,1,tenta,,,
,,,,,,5ef4c07dc8437809ba661613,676192165fb32c2e1fb7aee6,67d1941936d2f129390f63a1,2025-03-12_15h03.15.026,Tarea de decisión léxica,2024.2.5,Win32,59.88023952,,,,,,,,,,,,,,,,,,,,,,,,450.7124,452.129,a,1,0.7465,1,452.1291,452.6295,,,,,,297,MAS,WORD,DIS,150,grupo,,la,,0.7465,,452.6295,452.6295,0.165277778,-0.360416667,0,0,0,,0,200,200,296,1,brubo,,,
,,,,,,5ef4c07dc8437809ba661613,676192165fb32c2e1fb7aee6,67d1941936d2f129390f63a1,2025-03-12_15h03.15.026,Tarea de decisión léxica,2024.2.5,Win32,59.88023952,,,,,,,,,,,,,,,,,,,,,,,,452.63,453.6969,a,1,0.4035,1,453.697,454.1973,,,,,,113,FEM,WORD,DIS,150,miel,,el,,0.4035,,454.1974,454.1974,0.165277778,-0.360416667,0,0,0,,0,201,201,112,1,tada,,,
,,,,,,5ef4c07dc8437809ba661613,676192165fb32c2e1fb7aee6,67d1941936d2f129390f63a1,2025-03-12_15h03.15.026,Tarea de decisión léxica,2024.2.5,Win32,59.88023952,,,,,,,,,,,,,,,,,,,,,,,,454.1978,455.315,l,1,0.4529,1,455.315,455.8153,,,,,,186,MAS,NOWORD,AGR,150,raol,,el,,0.4529,,455.8153,455.8154,0.165277778,-0.360416667,0,0,0,,0,202,202,185,1,baúl,,,
,,,,,,5ef4c07dc8437809ba661613,676192165fb32c2e1fb7aee6,67d1941936d2f129390f63a1,2025-03-12_15h03.15.026,Tarea de decisión léxica,2024.2.5,Win32,59.88023952,,,,,,,,,,,,,,,,,,,,,,,,455.8159,456.9662,l,1,0.4838,1,456.9662,457.4667,,,,,,54,FEM,NOWORD,AGR,150,rora,,la,,0.4838,,457.4672,457.4675,0.165277778,-0.360416667,0,0,0,,0,203,203,53,1,boda,,,
,,,,,,5ef4c07dc8437809ba661613,676192165fb32c2e1fb7aee6,67d1941936d2f129390f63a1,2025-03-12_15h03.15.026,Tarea de decisión léxica,2024.2.5,Win32,59.88023952,,,,,,,,,,,,,,,,,,,,,,,,457.4678,458.7177,a,1,0.5672,1,458.7177,459.218,,,,,,57,MAS,WORD,DIS,150,dedo,,la,,0.5672,,459.218,459.2181,0.165277778,-0.360416667,0,0,0,,0,204,204,56,1,heco,,,
,,,,,,5ef4c07dc8437809ba661613,676192165fb32c2e1fb7aee6,67d1941936d2f129390f63a1,2025-03-12_15h03.15.026,Tarea de decisión léxica,2024.2.5,Win32,59.88023952,,,,,,,,,,,,,,,,,,,,,,,,459.2187,460.2856,a,1,0.3992,1,460.2856,460.786,,,,,,405,FEM,WORD,DIS,150,barra,,el,,0.3992,,460.786,460.7861,0.165277778,-0.360416667,0,0,0,,0,205,205,404,1,rarra,,,
,,,,,,5ef4c07dc8437809ba661613,676192165fb32c2e1fb7aee6,67d1941936d2f129390f63a1,2025-03-12_15h03.15.026,Tarea de decisión léxica,2024.2.5,Win32,59.88023952,,,,,,,,,,,,,,,,,,,,,,,,460.7865,461.9536,a,1,0.5042,1,461.9536,462.454,,,,,,383,FEM,WORD,AGR,150,frase,,la,,0.5042,,462.454,462.454,0.165277778,-0.360416667,0,0,0,,0,206,206,382,1,brame,,,
,,,,,,5ef4c07dc8437809ba661613,676192165fb32c2e1fb7aee6,67d1941936d2f129390f63a1,2025-03-12_15h03.15.026,Tarea de decisión léxica,2024.2.5,Win32,59.88023952,,,,,,,,,,,,,,,,,,,,,,,,462.4545,463.5883,l,1,0.4742,1,463.5883,464.0886,,,,,,146,MAS,NOWORD,AGR,150,nobo,,el,,0.4742,,464.0886,464.0887,0.165277778,-0.360416667,0,0,0,,0,207,207,145,1,león,,,
,,,,,,5ef4c07dc8437809ba661613,676192165fb32c2e1fb7aee6,67d1941936d2f129390f63a1,2025-03-12_15h03.15.026,Tarea de decisión léxica,2024.2.5,Win32,59.88023952,,,,,,,,,,,,,,,,,,,,,,,,464.0892,465.2395,l,1,0.4883,1,465.2395,465.7399,,,,,,150,MAS,NOWORD,AGR,150,pafo,,el,,0.4883,,465.7404,465.7408,0.165277778,-0.360416667,0,0,0,,0,208,208,149,1,cabo,,,
,,,,,,5ef4c07dc8437809ba661613,676192165fb32c2e1fb7aee6,67d1941936d2f129390f63a1,2025-03-12_15h03.15.026,Tarea de decisión léxica,2024.2.5,Win32,59.88023952,,,,,,,,,,,,,,,,,,,,,,,,465.741,466.8075,a,1,0.3838,1,466.8075,467.3078,,,,,,357,FEM,WORD,DIS,150,bruja,,el,,0.3838,,467.3079,467.3079,0.165277778,-0.360416667,0,0,0,,0,209,209,356,1,gruba,,,
,,,,,,5ef4c07dc8437809ba661613,676192165fb32c2e1fb7aee6,67d1941936d2f129390f63a1,2025-03-12_15h03.15.026,Tarea de decisión léxica,2024.2.5,Win32,59.88023952,,,,,,,,,,,,,,,,,,,,,,,,467.3085,468.3586,a,1,0.3904,1,468.3587,468.8591,,,,,,227,MAS,WORD,DIS,150,faro,,la,,0.3904,,468.8591,468.8591,0.165277778,-0.360416667,0,0,0,,0,210,210,226,1,laro,,,
,,,,,,5ef4c07dc8437809ba661613,676192165fb32c2e1fb7aee6,67d1941936d2f129390f63a1,2025-03-12_15h03.15.026,Tarea de decisión léxica,2024.2.5,Win32,59.88023952,,,,,,,,,,,,,,,,,,,,,,,,468.8596,469.9433,l,1,0.4159,1,469.9433,470.4438,,,,,,12,MAS,NOWORD,DIS,150,bapo,,la,,0.4159,,470.4438,470.4439,0.165277778,-0.360416667,0,0,0,,0,211,211,11,1,lado,,,
,,,,,,5ef4c07dc8437809ba661613,676192165fb32c2e1fb7aee6,67d1941936d2f129390f63a1,2025-03-12_15h03.15.026,Tarea de decisión léxica,2024.2.5,Win32,59.88023952,,,,,,,,,,,,,,,,,,,,,,,,470.4444,471.6113,l,1,0.5084,1,471.6114,472.1117,,,,,,386,FEM,NOWORD,AGR,150,febra,,la,,0.5084,,472.1118,472.1118,0.165277778,-0.360416667,0,0,0,,0,212,212,385,1,letra,,,
,,,,,,5ef4c07dc8437809ba661613,676192165fb32c2e1fb7aee6,67d1941936d2f129390f63a1,2025-03-12_15h03.15.026,Tarea de decisión léxica,2024.2.5,Win32,59.88023952,,,,,,,,,,,,,,,,,,,,,,,,472.1123,473.2126,a,1,0.4332,1,473.2126,473.713,,,,,,203,FEM,WORD,AGR,150,leña,,la,,0.4332,,473.7135,473.7138,0.165277778,-0.360416667,0,0,0,,0,213,213,202,1,beja,,,
,,,,,,5ef4c07dc8437809ba661613,676192165fb32c2e1fb7aee6,67d1941936d2f129390f63a1,2025-03-12_15h03.15.026,Tarea de decisión léxica,2024.2.5,Win32,59.88023952,,,,,,,,,,,,,,,,,,,,,,,,473.7141,474.7138,a,1,0.3207,1,474.7139,475.2141,,,,,,337,MAS,WORD,AGR,150,huevo,,el,,0.3207,,475.2142,475.2142,0.165277778,-0.360416667,0,0,0,,0,214,214,336,1,nuejo,,,
,,,,,,5ef4c07dc8437809ba661613,676192165fb32c2e1fb7aee6,67d1941936d2f129390f63a1,2025-03-12_15h03.15.026,Tarea de decisión léxica,2024.2.5,Win32,59.88023952,,,,,,,,,,,,,,,,,,,,,,,,475.2147,476.2483,l,1,0.3777,1,476.2484,476.7488,,,,,,480,MAS,NOWORD,DIS,150,rimpo,,la,,0.3777,,476.7488,476.7488,0.165277778,-0.360416667,0,0,0,,0,215,215,479,1,rumbo,,,
,,,,,,5ef4c07dc8437809ba661613,676192165fb32c2e1fb7aee6,67d1941936d2f129390f63a1,2025-03-12_15h03.15.026,Tarea de decisión léxica,2024.2.5,Win32,59.88023952,,,,,,,,,,,,,,,,,,,,,,,,476.7493,477.9163,a,0,0.5002,0,477.9167,478.4167,,,,,,358,FEM,NOWORD,AGR,150,gruba,,la,,0.5002,,478.4167,478.4168,0.165277778,-0.360416667,0,0,0,,0,216,216,357,1,bruja,,,
,,,,,,5ef4c07dc8437809ba661613,676192165fb32c2e1fb7aee6,67d1941936d2f129390f63a1,2025-03-12_15h03.15.026,Tarea de decisión léxica,2024.2.5,Win32,59.88023952,,,,,,,,,,,,,,,,,,,,,,,,478.4174,479.4843,a,1,0.4002,1,479.4846,479.9847,,,,,,17,FEM,WORD,AGR,150,mamá,,la,,0.4002,,479.9847,479.9847,0.165277778,-0.360416667,0,0,0,,0,217,217,16,1,paba,,,
,,,,,,5ef4c07dc8437809ba661613,676192165fb32c2e1fb7aee6,67d1941936d2f129390f63a1,2025-03-12_15h03.15.026,Tarea de decisión léxica,2024.2.5,Win32,59.88023952,,,,,,,,,,,,,,,,,,,,,,,,479.9852,481.086,l,1,0.4415,1,481.0861,481.586,,,,,,218,MAS,NOWORD,AGR,150,budo,,el,,0.4415,,481.5865,481.5868,0.165277778,-0.360416667,0,0,0,,0,218,218,217,1,luto,,,
,,,,,,5ef4c07dc8437809ba661613,676192165fb32c2e1fb7aee6,67d1941936d2f129390f63a1,2025-03-12_15h03.15.026,Tarea de decisión léxica,2024.2.5,Win32,59.88023952,,,,,,,,,,,,,,,,,,,,,,,,481.5871,482.6701,a,1,0.4076,1,482.6702,483.1705,,,,,,257,FEM,WORD,AGR,150,amiga,,la,,0.4076,,483.1705,483.1706,0.165277778,-0.360416667,0,0,0,,0,219,219,256,1,asama,,,
,,,,,,5ef4c07dc8437809ba661613,676192165fb32c2e1fb7aee6,67d1941936d2f129390f63a1,2025-03-12_15h03.15.026,Tarea de decisión léxica,2024.2.5,Win32,59.88023952,,,,,,,,,,,,,,,,,,,,,,,,483.171,484.3715,l,1,0.5425,1,484.3716,484.8719,,,,,,314,MAS,NOWORD,AGR,150,govio,,el,,0.5425,,484.8719,484.872,0.165277778,-0.360416667,0,0,0,,0,220,220,313,1,novio,,,
,,,,,,5ef4c07dc8437809ba661613,676192165fb32c2e1fb7aee6,67d1941936d2f129390f63a1,2025-03-12_15h03.15.026,Tarea de decisión léxica,2024.2.5,Win32,59.88023952,,,,,,,,,,,,,,,,,,,,,,,,484.8725,486.0729,l,1,0.5371,1,486.0729,486.5732,,,,,,60,FEM,NOWORD,DIS,150,tafa,,el,,0.5371,,486.5733,486.5734,0.165277778,-0.360416667,0,0,0,,0,221,221,59,1,sala,,,
,,,,,,5ef4c07dc8437809ba661613,676192165fb32c2e1fb7aee6,67d1941936d2f129390f63a1,2025-03-12_15h03.15.026,Tarea de decisión léxica,2024.2.5,Win32,59.88023952,,,,,,,,,,,,,,,,,,,,,,,,486.5738,487.7575,a,1,0.5161,1,487.7576,488.258,,,,,,219,FEM,WORD,DIS,150,pipa,,el,,0.5161,,488.258,488.2581,0.165277778,-0.360416667,0,0,0,,0,222,222,218,1,miva,,,
,,,,,,5ef4c07dc8437809ba661613,676192165fb32c2e1fb7aee6,67d1941936d2f129390f63a1,2025-03-12_15h03.15.026,Tarea de decisión léxica,2024.2.5,Win32,59.88023952,,,,,,,,,,,,,,,,,,,,,,,,488.2585,489.3422,a,1,0.4191,1,489.3422,489.8425,,,,,,477,MAS,WORD,DIS,150,botón,,la,,0.4191,,489.843,489.8434,0.165277778,-0.360416667,0,0,0,,0,223,223,476,1,hocon,,,
,,,,,,5ef4c07dc8437809ba661613,676192165fb32c2e1fb7aee6,67d1941936d2f129390f63a1,2025-03-12_15h03.15.026,Tarea de decisión léxica,2024.2.5,Win32,59.88023952,,,,,,,,,,,,,,,,,,,,,,,,489.8436,491.0769,a,1,0.551,1,491.0769,491.5772,,,,,,265,FEM,WORD,AGR,150,mitad,,la,,0.551,,491.5773,491.5774,0.165277778,-0.360416667,0,0,0,,0,224,224,264,1,pitat,,,
,,,,,,5ef4c07dc8437809ba661613,676192165fb32c2e1fb7aee6,67d1941936d2f129390f63a1,2025-03-12_15h03.15.026,Tarea de decisión léxica,2024.2.5,Win32,59.88023952,,,,,,,,,,,,,,,,,,,,,,,,491.5779,492.7449,l,1,0.5117,1,492.7449,493.2453,,,,,,8,MAS,NOWORD,DIS,150,nivo,,la,,0.5117,,493.2454,493.2454,0.165277778,-0.360416667,0,0,0,,0,225,225,7,1,hijo,,,
,,,,,,5ef4c07dc8437809ba661613,676192165fb32c2e1fb7aee6,67d1941936d2f129390f63a1,2025-03-12_15h03.15.026,Tarea de decisión léxica,2024.2.5,Win32,59.88023952,,,,,,,,,,,,,,,,,,,,,,,,493.2459,494.4796,a,1,0.5672,1,494.4796,494.98,,,,,,449,FEM,WORD,AGR,150,pluma,,la,,0.5672,,494.98,494.9801,0.165277778,-0.360416667,0,0,0,,0,226,226,448,1,crusa,,,
,,,,,,5ef4c07dc8437809ba661613,676192165fb32c2e1fb7aee6,67d1941936d2f129390f63a1,2025-03-12_15h03.15.026,Tarea de decisión léxica,2024.2.5,Win32,59.88023952,,,,,,,,,,,,,,,,,,,,,,,,494.9806,496.0475,l,1,0.413,1,496.0475,496.5479,,,,,,232,FEM,NOWORD,DIS,150,heta,,el,,0.413,,496.5485,496.5488,0.165277778,-0.360416667,0,0,0,,0,227,227,231,1,bota,,,
,,,,,,5ef4c07dc8437809ba661613,676192165fb32c2e1fb7aee6,67d1941936d2f129390f63a1,2025-03-12_15h03.15.026,Tarea de decisión léxica,2024.2.5,Win32,59.88023952,,,,,,,,,,,,,,,,,,,,,,,,496.549,497.6989,a,1,0.4697,1,497.6989,498.1992,,,,,,163,FEM,WORD,DIS,150,fama,,el,,0.4697,,498.1992,498.1993,0.165277778,-0.360416667,0,0,0,,0,228,228,162,1,laga,,,
,,,,,,5ef4c07dc8437809ba661613,676192165fb32c2e1fb7aee6,67d1941936d2f129390f63a1,2025-03-12_15h03.15.026,Tarea de decisión léxica,2024.2.5,Win32,59.88023952,,,,,,,,,,,,,,,,,,,,,,,,498.1998,500.8514,,0,0.4697,-1,500.8518,501.3518,,,,,,52,FEM,NOWORD,DIS,150,mava,,el,,,,501.3518,501.3518,0.165277778,-0.360416667,0,0,0,,0,229,229,51,1,caja,,,
,,,,,,5ef4c07dc8437809ba661613,676192165fb32c2e1fb7aee6,67d1941936d2f129390f63a1,2025-03-12_15h03.15.026,Tarea de decisión léxica,2024.2.5,Win32,59.88023952,,,,,,,,,,,,,,,,,,,,,,,,501.3523,502.8363,a,1,0.8171,1,502.8367,503.3367,,,,,,409,MAS,WORD,DIS,150,carro,,la,,0.8171,,503.3368,503.3368,0.165277778,-0.360416667,0,0,0,,0,230,230,408,1,pafro,,,
,,,,,,5ef4c07dc8437809ba661613,676192165fb32c2e1fb7aee6,67d1941936d2f129390f63a1,2025-03-12_15h03.15.026,Tarea de decisión léxica,2024.2.5,Win32,59.88023952,,,,,,,,,,,,,,,,,,,,,,,,503.3373,504.7378,l,1,0.7362,1,504.7378,505.2382,,,,,,40,MAS,NOWORD,DIS,150,redo,,la,,0.7362,,505.2382,505.2383,0.165277778,-0.360416667,0,0,0,,0,231,231,39,1,voto,,,
,,,,,,5ef4c07dc8437809ba661613,676192165fb32c2e1fb7aee6,67d1941936d2f129390f63a1,2025-03-12_15h03.15.026,Tarea de decisión léxica,2024.2.5,Win32,59.88023952,,,,,,,,,,,,,,,,,,,,,,,,505.2388,506.5225,l,1,0.6176,1,506.5226,507.0229,,,,,,154,MAS,NOWORD,AGR,150,tado,,el,,0.6176,,507.0235,507.0238,0.165277778,-0.360416667,0,0,0,,0,232,232,153,1,pato,,,
,,,,,,5ef4c07dc8437809ba661613,676192165fb32c2e1fb7aee6,67d1941936d2f129390f63a1,2025-03-12_15h03.15.026,Tarea de decisión léxica,2024.2.5,Win32,59.88023952,,,,,,,,,,,,,,,,,,,,,,,,507.0241,508.2906,l,1,0.5947,1,508.2907,508.7915,,,,,,250,FEM,NOWORD,AGR,150,plane,,la,,0.5947,,508.7915,508.7916,0.165277778,-0.360416667,0,0,0,,0,233,233,249,1,clase,,,
,,,,,,5ef4c07dc8437809ba661613,676192165fb32c2e1fb7aee6,67d1941936d2f129390f63a1,2025-03-12_15h03.15.026,Tarea de decisión léxica,2024.2.5,Win32,59.88023952,,,,,,,,,,,,,,,,,,,,,,,,508.792,510.1421,l,1,0.666,1,510.1422,510.6425,,,,,,44,FEM,NOWORD,DIS,150,meda,,el,,0.666,,510.6425,510.6425,0.165277778,-0.360416667,0,0,0,,0,234,234,43,1,pena,,,
,,,,,,5ef4c07dc8437809ba661613,676192165fb32c2e1fb7aee6,67d1941936d2f129390f63a1,2025-03-12_15h03.15.026,Tarea de decisión léxica,2024.2.5,Win32,59.88023952,,,,,,,,,,,,,,,,,,,,,,,,510.6431,511.61,a,1,0.3024,1,511.61,512.1104,,,,,,387,FEM,WORD,AGR,150,crema,,la,,0.3024,,512.1104,512.1104,0.165277778,-0.360416667,0,0,0,,0,235,235,386,1,bresa,,,
,,,,,,5ef4c07dc8437809ba661613,676192165fb32c2e1fb7aee6,67d1941936d2f129390f63a1,2025-03-12_15h03.15.026,Tarea de decisión léxica,2024.2.5,Win32,59.88023952,,,,,,,,,,,,,,,,,,,,,,,,512.1109,513.1278,a,1,0.3558,1,513.1279,513.6282,,,,,,253,MAS,WORD,AGR,150,chico,,el,,0.3558,,513.6283,513.6284,0.165277778,-0.360416667,0,0,0,,0,236,236,252,1,trido,,,
,,,,,,5ef4c07dc8437809ba661613,676192165fb32c2e1fb7aee6,67d1941936d2f129390f63a1,2025-03-12_15h03.15.026,Tarea de decisión léxica,2024.2.5,Win32,59.88023952,,,,,,,,,,,,,,,,,,,,,,,,513.6289,514.7124,l,1,0.4287,1,514.7125,515.2129,,,,,,104,FEM,NOWORD,DIS,150,rova,,el,,0.4287,,515.2134,515.2138,0.165277778,-0.360416667,0,0,0,,0,237,237,103,1,ruta,,,
,,,,,,5ef4c07dc8437809ba661613,676192165fb32c2e1fb7aee6,67d1941936d2f129390f63a1,2025-03-12_15h03.15.026,Tarea de decisión léxica,2024.2.5,Win32,59.88023952,,,,,,,,,,,,,,,,,,,,,,,,515.214,516.7642,l,1,0.8663,1,516.7642,517.2645,,,,,,346,FEM,NOWORD,AGR,150,anera,,la,,0.8663,,517.2645,517.2646,0.165277778,-0.360416667,0,0,0,,0,238,238,345,1,arena,,,
,,,,,,5ef4c07dc8437809ba661613,676192165fb32c2e1fb7aee6,67d1941936d2f129390f63a1,2025-03-12_15h03.15.026,Tarea de decisión léxica,2024.2.5,Win32,59.88023952,,,,,,,,,,,,,,,,,,,,,,,,517.2651,519.2327,l,1,1.3045,1,519.2327,519.7331,,,,,,16,FEM,NOWORD,DIS,150,odea,,el,,1.3045,,519.7332,519.7332,0.165277778,-0.360416667,0,0,0,,0,239,239,15,1,idea,,,
,,,,,,5ef4c07dc8437809ba661613,676192165fb32c2e1fb7aee6,67d1941936d2f129390f63a1,2025-03-12_15h03.15.026,Tarea de decisión léxica,2024.2.5,Win32,59.88023952,,,,,,,,,,,,,,,,,,,,,,,,519.7337,521.3511,a,1,0.9557,1,521.3512,521.8514,,,,,,443,MAS,WORD,DIS,150,salón,,la,,0.9557,,521.8515,521.8516,0.165277778,-0.360416667,0,0,0,,0,240,240,442,1,taron,,,
,,,,,,5ef4c07dc8437809ba661613,676192165fb32c2e1fb7aee6,67d1941936d2f129390f63a1,2025-03-12_15h03.15.026,Tarea de decisión léxica,2024.2.5,Win32,59.88023952,,,,,,,,,,,,,,,,,,,,,,,,521.8521,523.2026,a,1,0.6934,1,523.2027,523.703,,,,,,145,MAS,WORD,DIS,150,león,,la,,0.6934,,523.7031,523.7031,0.165277778,-0.360416667,0,0,0,,0,241,241,144,1,nobo,,,
,,,,,,5ef4c07dc8437809ba661613,676192165fb32c2e1fb7aee6,67d1941936d2f129390f63a1,2025-03-12_15h03.15.026,Tarea de decisión léxica,2024.2.5,Win32,59.88023952,,,,,,,,,,,,,,,,,,,,,,,,523.7036,525.0541,l,1,0.683,1,525.0542,525.5545,,,,,,394,FEM,NOWORD,AGR,150,ashea,,la,,0.683,,525.555,525.5553,0.165277778,-0.360416667,0,0,0,,0,242,242,393,1,aldea,,,
,,,,,,5ef4c07dc8437809ba661613,676192165fb32c2e1fb7aee6,67d1941936d2f129390f63a1,2025-03-12_15h03.15.026,Tarea de decisión léxica,2024.2.5,Win32,59.88023952,,,,,,,,,,,,,,,,,,,,,,,,525.5556,526.9556,l,1,0.719,1,526.9556,527.4559,,,,,,64,FEM,NOWORD,DIS,150,funa,,el,,0.719,,527.456,527.4561,0.165277778,-0.360416667,0,0,0,,0,243,243,63,1,luna,,,
,,,,,,5ef4c07dc8437809ba661613,676192165fb32c2e1fb7aee6,67d1941936d2f129390f63a1,2025-03-12_15h03.15.026,Tarea de decisión léxica,2024.2.5,Win32,59.88023952,,,,,,,,,,,,,,,,,,,,,,,,527.4566,528.8738,a,1,0.7609,1,528.8739,529.3741,,,,,,289,FEM,WORD,DIS,150,bomba,,el,,0.7609,,529.3741,529.3743,0.165277778,-0.360416667,0,0,0,,0,244,244,288,1,bumpa,,,
,,,,,,5ef4c07dc8437809ba661613,676192165fb32c2e1fb7aee6,67d1941936d2f129390f63a1,2025-03-12_15h03.15.026,Tarea de decisión léxica,2024.2.5,Win32,59.88023952,,,,,,,,,,,,,,,,,,,,,,,,529.3747,530.5752,l,1,0.534,1,530.5752,531.0755,,,,,,344,FEM,NOWORD,DIS,150,trada,,el,,0.534,,531.0756,531.0757,0.165277778,-0.360416667,0,0,0,,0,245,245,343,1,plata,,,
,,,,,,5ef4c07dc8437809ba661613,676192165fb32c2e1fb7aee6,67d1941936d2f129390f63a1,2025-03-12_15h03.15.026,Tarea de decisión léxica,2024.2.5,Win32,59.88023952,,,,,,,,,,,,,,,,,,,,,,,,531.0761,532.2932,l,1,0.5573,1,532.2933,532.7936,,,,,,298,MAS,NOWORD,AGR,150,brubo,,el,,0.5573,,532.7936,532.7937,0.165277778,-0.360416667,0,0,0,,0,246,246,297,1,grupo,,,
,,,,,,5ef4c07dc8437809ba661613,676192165fb32c2e1fb7aee6,67d1941936d2f129390f63a1,2025-03-12_15h03.15.026,Tarea de decisión léxica,2024.2.5,Win32,59.88023952,,,,,,,,,,,,,,,,,,,,,,,,532.7942,534.078,l,1,0.6222,1,534.078,534.5783,,,,,,444,MAS,NOWORD,DIS,150,taron,,la,,0.6222,,534.5789,534.5792,0.165277778,-0.360416667,0,0,0,,0,247,247,443,1,salón,,,
,,,,,,5ef4c07dc8437809ba661613,676192165fb32c2e1fb7aee6,67d1941936d2f129390f63a1,2025-03-12_15h03.15.026,Tarea de decisión léxica,2024.2.5,Win32,59.88023952,,,,,,,,,,,,,,,,,,,,,,,,534.5795,535.7627,a,1,0.511,1,535.7628,536.263,,,,,,467,MAS,WORD,DIS,150,piano,,la,,0.511,,536.2631,536.2632,0.165277778,-0.360416667,0,0,0,,0,248,248,466,1,peiso,,,
,,,,,,5ef4c07dc8437809ba661613,676192165fb32c2e1fb7aee6,67d1941936d2f129390f63a1,2025-03-12_15h03.15.026,Tarea de decisión léxica,2024.2.5,Win32,59.88023952,,,,,,,,,,,,,,,,,,,,,,,,536.2636,537.6808,a,1,0.7619,1,537.6808,538.1812,,,,,,319,MAS,WORD,DIS,150,suelo,,la,,0.7619,,538.1812,538.1812,0.165277778,-0.360416667,0,0,0,,0,249,249,318,1,tuero,,,
,,,,,,5ef4c07dc8437809ba661613,676192165fb32c2e1fb7aee6,67d1941936d2f129390f63a1,2025-03-12_15h03.15.026,Tarea de decisión léxica,2024.2.5,Win32,59.88023952,,,,,,,,,,,,,,,,,,,,,,,,538.1818,539.2655,l,1,0.4275,1,539.2655,539.7659,,,,,,372,FEM,NOWORD,DIS,150,mosta,,el,,0.4275,,539.7659,539.7659,0.165277778,-0.360416667,0,0,0,,0,250,250,371,1,pasta,,,
,,,,,,5ef4c07dc8437809ba661613,676192165fb32c2e1fb7aee6,67d1941936d2f129390f63a1,2025-03-12_15h03.15.026,Tarea de decisión léxica,2024.2.5,Win32,59.88023952,,,,,,,,,,,,,,,,,,,,,,,,539.7663,540.9335,a,1,0.4993,1,540.9335,541.4338,,,,,,453,FEM,WORD,AGR,150,mafia,,la,,0.4993,,541.4344,541.4346,0.165277778,-0.360416667,0,0,0,,0,251,251,452,1,pafia,,,
,,,,,,5ef4c07dc8437809ba661613,676192165fb32c2e1fb7aee6,67d1941936d2f129390f63a1,2025-03-12_15h03.15.026,Tarea de decisión léxica,2024.2.5,Win32,59.88023952,,,,,,,,,,,,,,,,,,,,,,,,541.4349,542.5514,a,1,0.4475,1,542.5515,543.0518,,,,,,101,MAS,WORD,DIS,150,tono,,la,,0.4475,,543.0518,543.0519,0.165277778,-0.360416667,0,0,0,,0,252,252,100,1,gito,,,
,,,,,,5ef4c07dc8437809ba661613,676192165fb32c2e1fb7aee6,67d1941936d2f129390f63a1,2025-03-12_15h03.15.026,Tarea de decisión léxica,2024.2.5,Win32,59.88023952,,,,,,,,,,,,,,,,,,,,,,,,543.0524,544.1193,a,1,0.404,1,544.1194,544.6198,,,,,,401,MAS,WORD,AGR,150,polvo,,el,,0.404,,544.6198,544.6198,0.165277778,-0.360416667,0,0,0,,0,253,253,400,1,pirvo,,,
,,,,,,5ef4c07dc8437809ba661613,676192165fb32c2e1fb7aee6,67d1941936d2f129390f63a1,2025-03-12_15h03.15.026,Tarea de decisión léxica,2024.2.5,Win32,59.88023952,,,,,,,,,,,,,,,,,,,,,,,,544.6203,545.6874,l,1,0.4123,1,545.6875,546.1877,,,,,,242,MAS,NOWORD,AGR,150,mirdo,,el,,0.4123,,546.1877,546.1877,0.165277778,-0.360416667,0,0,0,,0,254,254,241,1,mundo,,,
,,,,,,5ef4c07dc8437809ba661613,676192165fb32c2e1fb7aee6,67d1941936d2f129390f63a1,2025-03-12_15h03.15.026,Tarea de decisión léxica,2024.2.5,Win32,59.88023952,,,,,,,,,,,,,,,,,,,,,,,,546.1882,547.422,l,1,0.5658,1,547.4221,547.9224,,,,,,58,MAS,NOWORD,AGR,150,heco,,el,,0.5658,,547.9224,547.9225,0.165277778,-0.360416667,0,0,0,,0,255,255,57,1,dedo,,,
,,,,,,5ef4c07dc8437809ba661613,676192165fb32c2e1fb7aee6,67d1941936d2f129390f63a1,2025-03-12_15h03.15.026,Tarea de decisión léxica,2024.2.5,Win32,59.88023952,,,,,,,,,,,,,,,,,,,,,,,,547.923,549.0567,a,1,0.4705,1,549.0567,549.5571,,,,,,283,MAS,WORD,DIS,150,sueño,,la,,0.4705,,549.5576,549.5579,0.165277778,-0.360416667,0,0,0,,0,256,256,282,1,tuevo,,,
,,,,,,5ef4c07dc8437809ba661613,676192165fb32c2e1fb7aee6,67d1941936d2f129390f63a1,2025-03-12_15h03.15.026,Tarea de decisión léxica,2024.2.5,Win32,59.88023952,,,,,,,,,,,,,,,,,,,,,,,,549.5582,550.8246,a,0,0.5965,0,550.8251,551.3251,,,,,,214,FEM,NOWORD,AGR,150,bana,,la,,0.5965,,551.3251,551.3251,0.165277778,-0.360416667,0,0,0,,0,257,257,213,1,rama,,,
,,,,,,5ef4c07dc8437809ba661613,676192165fb32c2e1fb7aee6,67d1941936d2f129390f63a1,2025-03-12_15h03.15.026,Tarea de decisión léxica,2024.2.5,Win32,59.88023952,,,,,,,,,,,,,,,,,,,,,,,,551.3256,552.5094,l,1,0.5238,1,552.5098,553.0097,,,,,,374,FEM,NOWORD,AGR,150,pogza,,la,,0.5238,,553.0098,553.0098,0.165277778,-0.360416667,0,0,0,,0,258,258,373,1,pizza,,,
,,,,,,5ef4c07dc8437809ba661613,676192165fb32c2e1fb7aee6,67d1941936d2f129390f63a1,2025-03-12_15h03.15.026,Tarea de decisión léxica,2024.2.5,Win32,59.88023952,,,,,,,,,,,,,,,,,,,,,,,,553.0104,554.1607,a,1,0.4861,1,554.1607,554.6611,,,,,,7,MAS,WORD,DIS,150,hijo,,la,,0.4861,,554.6612,554.6612,0.165277778,-0.360416667,0,0,0,,0,259,259,6,1,nivo,,,
,,,,,,5ef4c07dc8437809ba661613,676192165fb32c2e1fb7aee6,67d1941936d2f129390f63a1,2025-03-12_15h03.15.026,Tarea de decisión léxica,2024.2.5,Win32,59.88023952,,,,,,,,,,,,,,,,,,,,,,,,554.6616,555.7454,l,1,0.4277,1,555.7454,556.2457,,,,,,222,FEM,NOWORD,AGR,150,puca,,la,,0.4277,,556.2457,556.2457,0.165277778,-0.360416667,0,0,0,,0,260,260,221,1,mula,,,
,,,,,,5ef4c07dc8437809ba661613,676192165fb32c2e1fb7aee6,67d1941936d2f129390f63a1,2025-03-12_15h03.15.026,Tarea de decisión léxica,2024.2.5,Win32,59.88023952,,,,,,,,,,,,,,,,,,,,,,,,556.2462,557.33,a,1,0.4271,1,557.33,557.8303,,,,,,13,FEM,WORD,AGR,150,hora,,la,,0.4271,,557.8309,557.8312,0.165277778,-0.360416667,0,0,0,,0,261,261,12,1,nola,,,
,,,,,,5ef4c07dc8437809ba661613,676192165fb32c2e1fb7aee6,67d1941936d2f129390f63a1,2025-03-12_15h03.15.026,Tarea de decisión léxica,2024.2.5,Win32,59.88023952,,,,,,,,,,,,,,,,,,,,,,,,557.8315,558.9312,a,1,0.4249,1,558.9312,559.4316,,,,,,155,FEM,WORD,AGR,150,fuga,,la,,0.4249,,559.4316,559.4316,0.165277778,-0.360416667,0,0,0,,0,262,262,154,1,luma,,,
,,,,,,5ef4c07dc8437809ba661613,676192165fb32c2e1fb7aee6,67d1941936d2f129390f63a1,2025-03-12_15h03.15.026,Tarea de decisión léxica,2024.2.5,Win32,59.88023952,,,,,,,,,,,,,,,,,,,,,,,,559.4322,560.5325,l,1,0.4412,1,560.5326,561.033,,,,,,86,MAS,NOWORD,AGR,150,babo,,el,,0.4412,,561.033,561.033,0.165277778,-0.360416667,0,0,0,,0,263,263,85,1,lago,,,
,,,,,,5ef4c07dc8437809ba661613,676192165fb32c2e1fb7aee6,67d1941936d2f129390f63a1,2025-03-12_15h03.15.026,Tarea de decisión léxica,2024.2.5,Win32,59.88023952,,,,,,,,,,,,,,,,,,,,,,,,561.0336,562.1671,l,1,0.4709,1,562.1672,562.6676,,,,,,68,FEM,NOWORD,DIS,150,gesa,,el,,0.4709,,562.6676,562.6676,0.165277778,-0.360416667,0,0,0,,0,264,264,67,1,nena,,,
,,,,,,5ef4c07dc8437809ba661613,676192165fb32c2e1fb7aee6,67d1941936d2f129390f63a1,2025-03-12_15h03.15.026,Tarea de decisión léxica,2024.2.5,Win32,59.88023952,,,,,,,,,,,,,,,,,,,,,,,,562.6681,563.8018,a,1,0.4695,1,563.8019,564.3022,,,,,,211,FEM,WORD,AGR,150,joya,,la,,0.4695,,564.3022,564.3022,0.165277778,-0.360416667,0,0,0,,0,265,265,210,1,joad,,,
,,,,,,5ef4c07dc8437809ba661613,676192165fb32c2e1fb7aee6,67d1941936d2f129390f63a1,2025-03-12_15h03.15.026,Tarea de decisión léxica,2024.2.5,Win32,59.88023952,,,,,,,,,,,,,,,,,,,,,,,,564.3028,565.353,a,0,0.3947,0,565.3534,565.8533,,,,,,174,FEM,NOWORD,AGR,150,boma,,la,,0.3947,,565.8538,565.8542,0.165277778,-0.360416667,0,0,0,,0,266,266,173,1,rosa,,,
,,,,,,5ef4c07dc8437809ba661613,676192165fb32c2e1fb7aee6,67d1941936d2f129390f63a1,2025-03-12_15h03.15.026,Tarea de decisión léxica,2024.2.5,Win32,59.88023952,,,,,,,,,,,,,,,,,,,,,,,,565.8545,566.9877,l,1,0.4601,1,566.9881,567.4881,,,,,,184,FEM,NOWORD,DIS,150,raad,,el,,0.4601,,567.4881,567.4881,0.165277778,-0.360416667,0,0,0,,0,267,267,183,1,raya,,,
,,,,,,5ef4c07dc8437809ba661613,676192165fb32c2e1fb7aee6,67d1941936d2f129390f63a1,2025-03-12_15h03.15.026,Tarea de decisión léxica,2024.2.5,Win32,59.88023952,,,,,,,,,,,,,,,,,,,,,,,,567.4887,568.7057,a,1,0.5608,1,568.7057,569.2061,,,,,,381,MAS,WORD,AGR,150,humor,,el,,0.5608,,569.2061,569.2062,0.165277778,-0.360416667,0,0,0,,0,268,268,380,1,nusor,,,
,,,,,,5ef4c07dc8437809ba661613,676192165fb32c2e1fb7aee6,67d1941936d2f129390f63a1,2025-03-12_15h03.15.026,Tarea de decisión léxica,2024.2.5,Win32,59.88023952,,,,,,,,,,,,,,,,,,,,,,,,569.2066,570.2903,a,1,0.4268,1,570.2903,570.7907,,,,,,119,MAS,WORD,AGR,150,pozo,,el,,0.4268,,570.7907,570.7908,0.165277778,-0.360416667,0,0,0,,0,269,269,118,1,hooy,,,
,,,,,,5ef4c07dc8437809ba661613,676192165fb32c2e1fb7aee6,67d1941936d2f129390f63a1,2025-03-12_15h03.15.026,Tarea de decisión léxica,2024.2.5,Win32,59.88023952,,,,,,,,,,,,,,,,,,,,,,,,570.7913,571.8582,a,1,0.4021,1,571.8583,572.3586,,,,,,85,MAS,WORD,AGR,150,lago,,el,,0.4021,,572.3586,572.3587,0.165277778,-0.360416667,0,0,0,,0,270,270,84,1,babo,,,
,,,,,,5ef4c07dc8437809ba661613,676192165fb32c2e1fb7aee6,67d1941936d2f129390f63a1,2025-03-12_15h03.15.026,Tarea de decisión léxica,2024.2.5,Win32,59.88023952,,,,,,,,,,,,,,,,,,,,,,,,572.3592,573.5095,l,1,0.4901,1,573.5096,574.0099,,,,,,22,MAS,NOWORD,AGR,150,blan,,el,,0.4901,,574.0105,574.0107,0.165277778,-0.360416667,0,0,0,,0,271,271,21,1,plan,,,
,,,,,,5ef4c07dc8437809ba661613,676192165fb32c2e1fb7aee6,67d1941936d2f129390f63a1,2025-03-12_15h03.15.026,Tarea de decisión léxica,2024.2.5,Win32,59.88023952,,,,,,,,,,,,,,,,,,,,,,,,574.0111,576.662,,0,0.4901,-1,576.6625,577.1624,,,,,,14,FEM,NOWORD,AGR,150,nola,,la,,,,577.1625,577.1625,0.165277778,-0.360416667,0,0,0,,0,272,272,13,1,hora,,,
,,,,,,5ef4c07dc8437809ba661613,676192165fb32c2e1fb7aee6,67d1941936d2f129390f63a1,2025-03-12_15h03.15.026,Tarea de decisión léxica,2024.2.5,Win32,59.88023952,,,,,,,,,,,,,,,,,,,,,,,,577.163,578.1967,a,1,0.3671,1,578.197,578.697,,,,,,317,FEM,WORD,DIS,150,playa,,el,,0.3671,,578.6971,578.6971,0.165277778,-0.360416667,0,0,0,,0,273,273,316,1,plaad,,,
,,,,,,5ef4c07dc8437809ba661613,676192165fb32c2e1fb7aee6,67d1941936d2f129390f63a1,2025-03-12_15h03.15.026,Tarea de decisión léxica,2024.2.5,Win32,59.88023952,,,,,,,,,,,,,,,,,,,,,,,,578.6975,580.0648,l,1,0.7117,1,580.0648,580.5651,,,,,,328,MAS,NOWORD,DIS,150,lendo,,la,,0.7117,,580.5652,580.5652,0.165277778,-0.360416667,0,0,0,,0,274,274,327,1,fondo,,,
,,,,,,5ef4c07dc8437809ba661613,676192165fb32c2e1fb7aee6,67d1941936d2f129390f63a1,2025-03-12_15h03.15.026,Tarea de decisión léxica,2024.2.5,Win32,59.88023952,,,,,,,,,,,,,,,,,,,,,,,,580.5658,581.5827,l,0,0.3492,0,581.583,582.083,,,,,,215,FEM,WORD,AGR,150,raíz,,la,,0.3492,,582.0831,582.0831,0.165277778,-0.360416667,0,0,0,,0,275,275,214,1,raua,,,
,,,,,,5ef4c07dc8437809ba661613,676192165fb32c2e1fb7aee6,67d1941936d2f129390f63a1,2025-03-12_15h03.15.026,Tarea de decisión léxica,2024.2.5,Win32,59.88023952,,,,,,,,,,,,,,,,,,,,,,,,582.0836,583.9178,a,1,1.1653,1,583.9182,584.4183,,,,,,5,FEM,WORD,DIS,150,cosa,,el,,1.1653,,584.4188,584.4191,0.165277778,-0.360416667,0,0,0,,0,276,276,4,1,poga,,,
,,,,,,5ef4c07dc8437809ba661613,676192165fb32c2e1fb7aee6,67d1941936d2f129390f63a1,2025-03-12_15h03.15.026,Tarea de decisión léxica,2024.2.5,Win32,59.88023952,,,,,,,,,,,,,,,,,,,,,,,,584.4194,585.5692,l,1,0.4795,1,585.5693,586.0695,,,,,,322,MAS,NOWORD,AGR,150,rarco,,el,,0.4795,,586.0696,586.0697,0.165277778,-0.360416667,0,0,0,,0,277,277,321,1,banco,,,
,,,,,,5ef4c07dc8437809ba661613,676192165fb32c2e1fb7aee6,67d1941936d2f129390f63a1,2025-03-12_15h03.15.026,Tarea de decisión léxica,2024.2.5,Win32,59.88023952,,,,,,,,,,,,,,,,,,,,,,,,586.0701,587.4874,a,1,0.7506,1,587.4874,587.9878,,,,,,463,FEM,WORD,AGR,150,cabra,,la,,0.7506,,587.9878,587.9879,0.165277778,-0.360416667,0,0,0,,0,278,278,462,1,matla,,,
,,,,,,5ef4c07dc8437809ba661613,676192165fb32c2e1fb7aee6,67d1941936d2f129390f63a1,2025-03-12_15h03.15.026,Tarea de decisión léxica,2024.2.5,Win32,59.88023952,,,,,,,,,,,,,,,,,,,,,,,,587.9884,589.072,l,1,0.4211,1,589.072,589.5724,,,,,,138,MAS,NOWORD,AGR,150,pamo,,el,,0.4211,,589.5724,589.5725,0.165277778,-0.360416667,0,0,0,,0,279,279,137,1,nene,,,
,,,,,,5ef4c07dc8437809ba661613,676192165fb32c2e1fb7aee6,67d1941936d2f129390f63a1,2025-03-12_15h03.15.026,Tarea de decisión léxica,2024.2.5,Win32,59.88023952,,,,,,,,,,,,,,,,,,,,,,,,589.573,591.4072,a,1,1.1723,1,591.4073,591.9076,,,,,,309,FEM,WORD,DIS,150,silla,,el,,1.1723,,591.9081,591.9084,0.165277778,-0.360416667,0,0,0,,0,280,280,308,1,tirra,,,
,,,,,,5ef4c07dc8437809ba661613,676192165fb32c2e1fb7aee6,67d1941936d2f129390f63a1,2025-03-12_15h03.15.026,Tarea de decisión léxica,2024.2.5,Win32,59.88023952,,,,,,,,,,,,,,,,,,,,,,,,591.9087,593.5922,l,1,1.0033,1,593.5924,594.0926,,,,,,442,FEM,NOWORD,AGR,150,telza,,la,,1.0033,,594.0927,594.0928,0.165277778,-0.360416667,0,0,0,,0,281,281,441,1,selva,,,
,,,,,,5ef4c07dc8437809ba661613,676192165fb32c2e1fb7aee6,67d1941936d2f129390f63a1,2025-03-12_15h03.15.026,Tarea de decisión léxica,2024.2.5,Win32,59.88023952,,,,,,,,,,,,,,,,,,,,,,,,594.0933,595.4771,l,1,0.7161,1,595.4772,595.9775,,,,,,432,MAS,NOWORD,DIS,150,tetor,,la,,0.7161,,595.9775,595.9776,0.165277778,-0.360416667,0,0,0,,0,282,282,431,1,motor,,,
,,,,,,5ef4c07dc8437809ba661613,676192165fb32c2e1fb7aee6,67d1941936d2f129390f63a1,2025-03-12_15h03.15.026,Tarea de decisión léxica,2024.2.5,Win32,59.88023952,,,,,,,,,,,,,,,,,,,,,,,,595.978,597.1285,l,1,0.4872,1,597.1285,597.6288,,,,,,98,MAS,NOWORD,AGR,150,fopo,,el,,0.4872,,597.6289,597.6289,0.165277778,-0.360416667,0,0,0,,0,283,283,97,1,mono,,,
,,,,,,5ef4c07dc8437809ba661613,676192165fb32c2e1fb7aee6,67d1941936d2f129390f63a1,2025-03-12_15h03.15.026,Tarea de decisión léxica,2024.2.5,Win32,59.88023952,,,,,,,,,,,,,,,,,,,,,,,,597.6294,598.8798,l,1,0.595,1,598.8799,599.3802,,,,,,404,FEM,NOWORD,DIS,150,grisa,,el,,0.595,,599.3803,599.3804,0.165277778,-0.360416667,0,0,0,,0,284,284,403,1,prima,,,
,,,,,,5ef4c07dc8437809ba661613,676192165fb32c2e1fb7aee6,67d1941936d2f129390f63a1,2025-03-12_15h03.15.026,Tarea de decisión léxica,2024.2.5,Win32,59.88023952,,,,,,,,,,,,,,,,,,,,,,,,599.3809,600.4311,a,1,0.3887,1,600.4311,600.9315,,,,,,247,FEM,WORD,AGR,150,chica,,la,,0.3887,,600.932,600.9323,0.165277778,-0.360416667,0,0,0,,0,285,285,246,1,trida,,,
,,,,,,5ef4c07dc8437809ba661613,676192165fb32c2e1fb7aee6,67d1941936d2f129390f63a1,2025-03-12_15h03.15.026,Tarea de decisión léxica,2024.2.5,Win32,59.88023952,,,,,,,,,,,,,,,,,,,,,,,,600.9326,602.0324,l,1,0.4197,1,602.0324,602.5328,,,,,,464,FEM,NOWORD,DIS,150,matla,,el,,0.4197,,602.5328,602.5328,0.165277778,-0.360416667,0,0,0,,0,286,286,463,1,cabra,,,
,,,,,,5ef4c07dc8437809ba661613,676192165fb32c2e1fb7aee6,67d1941936d2f129390f63a1,2025-03-12_15h03.15.026,Tarea de decisión léxica,2024.2.5,Win32,59.88023952,,,,,,,,,,,,,,,,,,,,,,,,602.5334,603.6003,l,1,0.4041,1,603.6004,604.1007,,,,,,438,FEM,NOWORD,AGR,150,glava,,la,,0.4041,,604.1008,604.1008,0.165277778,-0.360416667,0,0,0,,0,287,287,437,1,plaza,,,
,,,,,,5ef4c07dc8437809ba661613,676192165fb32c2e1fb7aee6,67d1941936d2f129390f63a1,2025-03-12_15h03.15.026,Tarea de decisión léxica,2024.2.5,Win32,59.88023952,,,,,,,,,,,,,,,,,,,,,,,,604.1015,605.0848,l,1,0.324,1,605.0849,605.5852,,,,,,208,MAS,NOWORD,DIS,150,kedo,,la,,0.324,,605.5852,605.5853,0.165277778,-0.360416667,0,0,0,,0,288,288,207,1,kilo,,,
,,,,,,5ef4c07dc8437809ba661613,676192165fb32c2e1fb7aee6,67d1941936d2f129390f63a1,2025-03-12_15h03.15.026,Tarea de decisión léxica,2024.2.5,Win32,59.88023952,,,,,,,,,,,,,,,,,,,,,,,,605.5857,606.6193,l,0,0.3675,0,606.6197,607.1198,,,,,,67,FEM,WORD,AGR,150,nena,,la,,0.3675,,607.1198,607.1198,0.165277778,-0.360416667,0,0,0,,0,289,289,66,1,gesa,,,
,,,,,,5ef4c07dc8437809ba661613,676192165fb32c2e1fb7aee6,67d1941936d2f129390f63a1,2025-03-12_15h03.15.026,Tarea de decisión léxica,2024.2.5,Win32,59.88023952,,,,,,,,,,,,,,,,,,,,,,,,607.1203,608.2041,l,1,0.4169,1,608.2043,608.7044,,,,,,198,MAS,NOWORD,AGR,150,dade,,el,,0.4169,,608.7049,608.7052,0.165277778,-0.360416667,0,0,0,,0,290,290,197,1,bate,,,
,,,,,,5ef4c07dc8437809ba661613,676192165fb32c2e1fb7aee6,67d1941936d2f129390f63a1,2025-03-12_15h03.15.026,Tarea de decisión léxica,2024.2.5,Win32,59.88023952,,,,,,,,,,,,,,,,,,,,,,,,608.7055,609.7219,a,1,0.337,1,609.7219,610.2222,,,,,,315,FEM,WORD,AGR,150,reina,,la,,0.337,,610.2223,610.2223,0.165277778,-0.360416667,0,0,0,,0,291,291,314,1,riosa,,,
,,,,,,5ef4c07dc8437809ba661613,676192165fb32c2e1fb7aee6,67d1941936d2f129390f63a1,2025-03-12_15h03.15.026,Tarea de decisión léxica,2024.2.5,Win32,59.88023952,,,,,,,,,,,,,,,,,,,,,,,,610.2228,611.2898,a,1,0.4119,1,611.2898,611.7902,,,,,,291,FEM,WORD,AGR,150,pista,,la,,0.4119,,611.7902,611.7903,0.165277778,-0.360416667,0,0,0,,0,292,292,290,1,mesta,,,
,,,,,,5ef4c07dc8437809ba661613,676192165fb32c2e1fb7aee6,67d1941936d2f129390f63a1,2025-03-12_15h03.15.026,Tarea de decisión léxica,2024.2.5,Win32,59.88023952,,,,,,,,,,,,,,,,,,,,,,,,611.7907,612.9411,a,1,0.4839,1,612.9411,613.4415,,,,,,127,MAS,WORD,DIS,150,pico,,la,,0.4839,,613.4415,613.4415,0.165277778,-0.360416667,0,0,0,,0,293,293,126,1,itio,,,
,,,,,,5ef4c07dc8437809ba661613,676192165fb32c2e1fb7aee6,67d1941936d2f129390f63a1,2025-03-12_15h03.15.026,Tarea de decisión léxica,2024.2.5,Win32,59.88023952,,,,,,,,,,,,,,,,,,,,,,,,613.442,614.4923,a,1,0.3831,1,614.4924,614.9927,,,,,,389,MAS,WORD,DIS,150,cerdo,,la,,0.3831,,614.9928,614.9929,0.165277778,-0.360416667,0,0,0,,0,294,294,388,1,cenco,,,
,,,,,,5ef4c07dc8437809ba661613,676192165fb32c2e1fb7aee6,67d1941936d2f129390f63a1,2025-03-12_15h03.15.026,Tarea de decisión léxica,2024.2.5,Win32,59.88023952,,,,,,,,,,,,,,,,,,,,,,,,614.9933,616.0436,l,1,0.391,1,616.0437,616.544,,,,,,370,MAS,NOWORD,AGR,150,rioco,,el,,0.391,,616.5445,616.5448,0.165277778,-0.360416667,0,0,0,,0,295,295,369,1,ruido,,,
,,,,,,5ef4c07dc8437809ba661613,676192165fb32c2e1fb7aee6,67d1941936d2f129390f63a1,2025-03-12_15h03.15.026,Tarea de decisión léxica,2024.2.5,Win32,59.88023952,,,,,,,,,,,,,,,,,,,,,,,,616.5451,617.5615,a,1,0.3375,1,617.5615,618.0619,,,,,,471,FEM,WORD,AGR,150,grasa,,la,,0.3375,,618.0619,618.0619,0.165277778,-0.360416667,0,0,0,,0,296,296,470,1,prana,,,
,,,,,,5ef4c07dc8437809ba661613,676192165fb32c2e1fb7aee6,67d1941936d2f129390f63a1,2025-03-12_15h03.15.026,Tarea de decisión léxica,2024.2.5,Win32,59.88023952,,,,,,,,,,,,,,,,,,,,,,,,618.0625,619.1295,a,1,0.4029,1,619.1295,619.6298,,,,,,373,FEM,WORD,AGR,150,pizza,,la,,0.4029,,619.6298,619.6299,0.165277778,-0.360416667,0,0,0,,0,297,297,372,1,pogza,,,
,,,,,,5ef4c07dc8437809ba661613,676192165fb32c2e1fb7aee6,67d1941936d2f129390f63a1,2025-03-12_15h03.15.026,Tarea de decisión léxica,2024.2.5,Win32,59.88023952,,,,,,,,,,,,,,,,,,,,,,,,619.6303,620.714,a,1,0.419,1,620.714,621.2144,,,,,,59,FEM,WORD,DIS,150,sala,,el,,0.419,,621.2145,621.2145,0.165277778,-0.360416667,0,0,0,,0,298,298,58,1,tafa,,,
,,,,,,5ef4c07dc8437809ba661613,676192165fb32c2e1fb7aee6,67d1941936d2f129390f63a1,2025-03-12_15h03.15.026,Tarea de decisión léxica,2024.2.5,Win32,59.88023952,,,,,,,,,,,,,,,,,,,,,,,,621.215,622.4488,a,1,0.5706,1,622.4488,622.9492,,,,,,197,MAS,WORD,DIS,150,bate,,la,,0.5706,,622.9496,622.95,0.165277778,-0.360416667,0,0,0,,0,299,299,196,1,dade,,,
,,,,,,5ef4c07dc8437809ba661613,676192165fb32c2e1fb7aee6,67d1941936d2f129390f63a1,2025-03-12_15h03.15.026,Tarea de decisión léxica,2024.2.5,Win32,59.88023952,,,,,,,,,,,,,,,,,,,,,,,,622.9502,624.0334,a,0,0.4116,0,624.0337,624.5337,,,,,,206,FEM,NOWORD,AGR,150,bara,,la,,0.4116,,624.5337,624.5338,0.165277778,-0.360416667,0,0,0,,0,300,300,205,1,rana,,,
,,,,,,5ef4c07dc8437809ba661613,676192165fb32c2e1fb7aee6,67d1941936d2f129390f63a1,2025-03-12_15h03.15.026,Tarea de decisión léxica,2024.2.5,Win32,59.88023952,,,,,,,,,,,,,,,,,,,,,,,,624.5343,625.5846,a,1,0.3951,1,625.5849,626.0849,,,,,,121,MAS,WORD,DIS,150,hoyo,,la,,0.3951,,626.085,626.0851,0.165277778,-0.360416667,0,0,0,,0,301,301,120,1,bomo,,,
,,,,,,5ef4c07dc8437809ba661613,676192165fb32c2e1fb7aee6,67d1941936d2f129390f63a1,2025-03-12_15h03.15.026,Tarea de decisión léxica,2024.2.5,Win32,59.88023952,,,,,,,,,,,,,,,,,,,,,,,,626.0856,627.2027,l,1,0.4589,1,627.2027,627.7029,,,,,,256,MAS,NOWORD,DIS,150,mauco,,la,,0.4589,,627.7029,627.703,0.165277778,-0.360416667,0,0,0,,0,302,302,255,1,miedo,,,
,,,,,,5ef4c07dc8437809ba661613,676192165fb32c2e1fb7aee6,67d1941936d2f129390f63a1,2025-03-12_15h03.15.026,Tarea de decisión léxica,2024.2.5,Win32,59.88023952,,,,,,,,,,,,,,,,,,,,,,,,627.7035,628.9706,l,1,0.6098,1,628.9707,629.471,,,,,,420,MAS,NOWORD,DIS,150,chudo,,la,,0.6098,,629.4711,629.4711,0.165277778,-0.360416667,0,0,0,,0,303,303,419,1,truco,,,
,,,,,,5ef4c07dc8437809ba661613,676192165fb32c2e1fb7aee6,67d1941936d2f129390f63a1,2025-03-12_15h03.15.026,Tarea de decisión léxica,2024.2.5,Win32,59.88023952,,,,,,,,,,,,,,,,,,,,,,,,629.4716,630.5719,a,1,0.4418,1,630.572,631.0723,,,,,,41,FEM,WORD,DIS,150,nave,,el,,0.4418,,631.0728,631.0731,0.165277778,-0.360416667,0,0,0,,0,304,304,40,1,haje,,,
,,,,,,5ef4c07dc8437809ba661613,676192165fb32c2e1fb7aee6,67d1941936d2f129390f63a1,2025-03-12_15h03.15.026,Tarea de decisión léxica,2024.2.5,Win32,59.88023952,,,,,,,,,,,,,,,,,,,,,,,,631.0734,632.2399,l,1,0.497,1,632.24,632.7403,,,,,,136,MAS,NOWORD,DIS,150,geso,,la,,0.497,,632.7403,632.7404,0.165277778,-0.360416667,0,0,0,,0,305,305,135,1,tubo,,,
,,,,,,5ef4c07dc8437809ba661613,676192165fb32c2e1fb7aee6,67d1941936d2f129390f63a1,2025-03-12_15h03.15.026,Tarea de decisión léxica,2024.2.5,Win32,59.88023952,,,,,,,,,,,,,,,,,,,,,,,,632.7408,635.3924,,0,0.497,-1,635.3928,635.8927,,,,,,27,MAS,WORD,AGR,150,baño,,el,,,,635.8928,635.8928,0.165277778,-0.360416667,0,0,0,,0,306,306,26,1,ravo,,,
,,,,,,5ef4c07dc8437809ba661613,676192165fb32c2e1fb7aee6,67d1941936d2f129390f63a1,2025-03-12_15h03.15.026,Tarea de decisión léxica,2024.2.5,Win32,59.88023952,,,,,,,,,,,,,,,,,,,,,,,,635.8933,638.545,,0,0.497,-1,638.545,639.0453,,,,,,288,FEM,NOWORD,DIS,150,fosta,,el,,,,639.0454,639.0454,0.165277778,-0.360416667,0,0,0,,0,307,307,287,1,lista,,,
,,,,,,5ef4c07dc8437809ba661613,676192165fb32c2e1fb7aee6,67d1941936d2f129390f63a1,2025-03-12_15h03.15.026,Tarea de decisión léxica,2024.2.5,Win32,59.88023952,,,,,,,,,,,,,,,,,,,,,,,,639.0459,641.6975,,0,0.497,-1,641.6975,642.1978,,,,,,391,MAS,WORD,AGR,150,dueño,,el,,,,642.1978,642.1979,0.165277778,-0.360416667,0,0,0,,0,308,308,390,1,dievo,,,
,,,,,,5ef4c07dc8437809ba661613,676192165fb32c2e1fb7aee6,67d1941936d2f129390f63a1,2025-03-12_15h03.15.026,Tarea de decisión léxica,2024.2.5,Win32,59.88023952,,,,,,,,,,,,,,,,,,,,,,,,642.1984,644.85,,0,0.497,-1,644.8501,645.3504,,,,,,395,FEM,WORD,AGR,150,caída,,la,,,,645.3509,645.3512,0.165277778,-0.360416667,0,0,0,,0,309,309,394,1,paeda,,,
,,,,,,5ef4c07dc8437809ba661613,676192165fb32c2e1fb7aee6,67d1941936d2f129390f63a1,2025-03-12_15h03.15.026,Tarea de decisión léxica,2024.2.5,Win32,59.88023952,,,,,,,,,,,,,,,,,,,,,,,,645.3516,646.6681,a,1,0.6406,1,646.6685,647.1685,,,,,,245,FEM,WORD,DIS,150,madre,,el,,0.6406,,647.1685,647.1685,0.165277778,-0.360416667,0,0,0,,0,310,310,244,1,pafle,,,
,,,,,,5ef4c07dc8437809ba661613,676192165fb32c2e1fb7aee6,67d1941936d2f129390f63a1,2025-03-12_15h03.15.026,Tarea de decisión léxica,2024.2.5,Win32,59.88023952,,,,,,,,,,,,,,,,,,,,,,,,647.1691,648.3195,a,1,0.4882,1,648.3195,648.8198,,,,,,393,FEM,WORD,DIS,150,aldea,,el,,0.4882,,648.8199,648.8199,0.165277778,-0.360416667,0,0,0,,0,311,311,392,1,ashea,,,
,,,,,,5ef4c07dc8437809ba661613,676192165fb32c2e1fb7aee6,67d1941936d2f129390f63a1,2025-03-12_15h03.15.026,Tarea de decisión léxica,2024.2.5,Win32,59.88023952,,,,,,,,,,,,,,,,,,,,,,,,648.8204,649.9041,l,1,0.4289,1,649.9041,650.4048,,,,,,270,MAS,NOWORD,AGR,150,mello,,el,,0.4289,,650.4048,650.4048,0.165277778,-0.360416667,0,0,0,,0,312,312,269,1,perro,,,
,,,,,,5ef4c07dc8437809ba661613,676192165fb32c2e1fb7aee6,67d1941936d2f129390f63a1,2025-03-12_15h03.15.026,Tarea de decisión léxica,2024.2.5,Win32,59.88023952,,,,,,,,,,,,,,,,,,,,,,,,650.4053,651.4893,l,1,0.4273,1,651.4894,651.9891,,,,,,46,FEM,NOWORD,AGR,150,pema,,la,,0.4273,,651.9891,651.9891,0.165277778,-0.360416667,0,0,0,,0,313,313,45,1,mesa,,,
,,,,,,5ef4c07dc8437809ba661613,676192165fb32c2e1fb7aee6,67d1941936d2f129390f63a1,2025-03-12_15h03.15.026,Tarea de decisión léxica,2024.2.5,Win32,59.88023952,,,,,,,,,,,,,,,,,,,,,,,,651.9897,653.0732,l,1,0.4277,1,653.0732,653.5736,,,,,,408,FEM,NOWORD,DIS,150,cauba,,el,,0.4277,,653.5741,653.5745,0.165277778,-0.360416667,0,0,0,,0,314,314,407,1,cueva,,,
,,,,,,5ef4c07dc8437809ba661613,676192165fb32c2e1fb7aee6,67d1941936d2f129390f63a1,2025-03-12_15h03.15.026,Tarea de decisión léxica,2024.2.5,Win32,59.88023952,,,,,,,,,,,,,,,,,,,,,,,,653.5747,654.7913,l,1,0.5397,1,654.7913,655.2917,,,,,,78,MAS,NOWORD,AGR,150,fodo,,el,,0.5397,,655.2917,655.2918,0.165277778,-0.360416667,0,0,0,,0,315,315,77,1,loco,,,
,,,,,,5ef4c07dc8437809ba661613,676192165fb32c2e1fb7aee6,67d1941936d2f129390f63a1,2025-03-12_15h03.15.026,Tarea de decisión léxica,2024.2.5,Win32,59.88023952,,,,,,,,,,,,,,,,,,,,,,,,655.2923,656.3592,a,1,0.4119,1,656.3592,656.8596,,,,,,285,MAS,WORD,AGR,150,error,,el,,0.4119,,656.8596,656.8597,0.165277778,-0.360416667,0,0,0,,0,316,316,284,1,echor,,,
,,,,,,5ef4c07dc8437809ba661613,676192165fb32c2e1fb7aee6,67d1941936d2f129390f63a1,2025-03-12_15h03.15.026,Tarea de decisión léxica,2024.2.5,Win32,59.88023952,,,,,,,,,,,,,,,,,,,,,,,,656.8602,657.8771,a,1,0.3492,1,657.8772,658.3775,,,,,,351,MAS,WORD,AGR,150,vuelo,,el,,0.3492,,658.3775,658.3776,0.165277778,-0.360416667,0,0,0,,0,317,317,350,1,duepo,,,
,,,,,,5ef4c07dc8437809ba661613,676192165fb32c2e1fb7aee6,67d1941936d2f129390f63a1,2025-03-12_15h03.15.026,Tarea de decisión léxica,2024.2.5,Win32,59.88023952,,,,,,,,,,,,,,,,,,,,,,,,658.3781,659.395,a,1,0.3513,1,659.395,659.8954,,,,,,347,FEM,WORD,AGR,150,pieza,,la,,0.3513,,659.8954,659.8955,0.165277778,-0.360416667,0,0,0,,0,318,318,346,1,mueza,,,
,,,,,,5ef4c07dc8437809ba661613,676192165fb32c2e1fb7aee6,67d1941936d2f129390f63a1,2025-03-12_15h03.15.026,Tarea de decisión léxica,2024.2.5,Win32,59.88023952,,,,,,,,,,,,,,,,,,,,,,,,659.8959,660.8962,a,1,0.3364,1,660.8962,661.3966,,,,,,329,MAS,WORD,AGR,150,hueso,,el,,0.3364,,661.3971,661.3974,0.165277778,-0.360416667,0,0,0,,0,319,319,328,1,nueno,,,
,,,,,,5ef4c07dc8437809ba661613,676192165fb32c2e1fb7aee6,67d1941936d2f129390f63a1,2025-03-12_15h03.15.026,Tarea de decisión léxica,2024.2.5,Win32,59.88023952,,,,,,,,,,,,,,,,,,,,,,,,661.3977,662.4475,l,1,0.3704,1,662.4475,662.9477,,,,,,244,MAS,NOWORD,DIS,150,asamo,,la,,0.3704,,662.9478,662.9478,0.165277778,-0.360416667,0,0,0,,0,320,320,243,1,amigo,,,
,,,,,,5ef4c07dc8437809ba661613,676192165fb32c2e1fb7aee6,67d1941936d2f129390f63a1,2025-03-12_15h03.15.026,Tarea de decisión léxica,2024.2.5,Win32,59.88023952,,,,,,,,,,,,,,,,,,,,,,,,662.9484,664.0154,l,1,0.4049,1,664.0154,664.5158,,,,,,94,FEM,NOWORD,AGR,150,rona,,la,,0.4049,,664.5158,708.1842,-0.049305556,-0.397222222,1,0,0,,0,321,321,93,1,bola,break_done_button,,
,,,,,,5ef4c07dc8437809ba661613,676192165fb32c2e1fb7aee6,67d1941936d2f129390f63a1,2025-03-12_15h03.15.026,Tarea de decisión léxica,2024.2.5,Win32,59.88023952,,,,,,,,,,,,,,,,,,,,,,,,708.1847,709.5518,l,0,0.7126,0,709.5521,710.0521,,,,,,171,MAS,WORD,DIS,150,hilo,,la,,0.7126,,710.0522,710.0523,0.856944444,0.194444444,0,0,0,,0,322,322,170,1,niro,,,
,,,,,,5ef4c07dc8437809ba661613,676192165fb32c2e1fb7aee6,67d1941936d2f129390f63a1,2025-03-12_15h03.15.026,Tarea de decisión léxica,2024.2.5,Win32,59.88023952,,,,,,,,,,,,,,,,,,,,,,,,710.0527,711.103,a,1,0.3964,1,711.1033,711.6034,,,,,,51,FEM,WORD,DIS,150,caja,,el,,0.3964,,711.6039,711.6043,0.856944444,0.194444444,0,0,0,,0,323,323,50,1,mava,,,
,,,,,,5ef4c07dc8437809ba661613,676192165fb32c2e1fb7aee6,67d1941936d2f129390f63a1,2025-03-12_15h03.15.026,Tarea de decisión léxica,2024.2.5,Win32,59.88023952,,,,,,,,,,,,,,,,,,,,,,,,711.6047,712.6209,a,1,0.3338,1,712.621,713.1212,,,,,,21,MAS,WORD,DIS,150,plan,,la,,0.3338,,713.1213,713.1214,0.856944444,0.194444444,0,0,0,,0,324,324,20,1,blan,,,
,,,,,,5ef4c07dc8437809ba661613,676192165fb32c2e1fb7aee6,67d1941936d2f129390f63a1,2025-03-12_15h03.15.026,Tarea de decisión léxica,2024.2.5,Win32,59.88023952,,,,,,,,,,,,,,,,,,,,,,,,713.1218,714.1222,a,1,0.3433,1,714.1222,714.6225,,,,,,355,FEM,WORD,AGR,150,regla,,la,,0.3433,,714.6226,714.6226,0.856944444,0.194444444,0,0,0,,0,325,325,354,1,bepla,,,
,,,,,,5ef4c07dc8437809ba661613,676192165fb32c2e1fb7aee6,67d1941936d2f129390f63a1,2025-03-12_15h03.15.026,Tarea de decisión léxica,2024.2.5,Win32,59.88023952,,,,,,,,,,,,,,,,,,,,,,,,714.6231,715.6066,a,1,0.3211,1,715.6067,716.107,,,,,,423,MAS,WORD,DIS,150,queso,,la,,0.3211,,716.1071,716.1071,0.856944444,0.194444444,0,0,0,,0,326,326,422,1,quigo,,,
,,,,,,5ef4c07dc8437809ba661613,676192165fb32c2e1fb7aee6,67d1941936d2f129390f63a1,2025-03-12_15h03.15.026,Tarea de decisión léxica,2024.2.5,Win32,59.88023952,,,,,,,,,,,,,,,,,,,,,,,,716.1076,717.0745,a,1,0.3085,1,717.0746,717.5749,,,,,,159,MAS,WORD,AGR,150,giro,,el,,0.3085,,717.5749,717.575,0.856944444,0.194444444,0,0,0,,0,327,327,158,1,bilo,,,
,,,,,,5ef4c07dc8437809ba661613,676192165fb32c2e1fb7aee6,67d1941936d2f129390f63a1,2025-03-12_15h03.15.026,Tarea de decisión léxica,2024.2.5,Win32,59.88023952,,,,,,,,,,,,,,,,,,,,,,,,717.5755,718.4923,a,0,0.257,0,718.4927,718.9927,,,,,,280,FEM,NOWORD,DIS,150,grina,,el,,0.257,,718.9932,718.9935,0.856944444,0.194444444,0,0,0,,0,328,328,279,1,prisa,,,
,,,,,,5ef4c07dc8437809ba661613,676192165fb32c2e1fb7aee6,67d1941936d2f129390f63a1,2025-03-12_15h03.15.026,Tarea de decisión léxica,2024.2.5,Win32,59.88023952,,,,,,,,,,,,,,,,,,,,,,,,718.9938,720.0602,a,1,0.385,1,720.0606,720.5606,,,,,,149,MAS,WORD,AGR,150,cabo,,el,,0.385,,720.5606,720.5607,0.856944444,0.194444444,0,0,0,,0,329,329,148,1,pafo,,,
,,,,,,5ef4c07dc8437809ba661613,676192165fb32c2e1fb7aee6,67d1941936d2f129390f63a1,2025-03-12_15h03.15.026,Tarea de decisión léxica,2024.2.5,Win32,59.88023952,,,,,,,,,,,,,,,,,,,,,,,,720.5612,721.7116,l,1,0.4881,1,721.7116,722.2119,,,,,,30,MAS,NOWORD,AGR,150,pono,,el,,0.4881,,722.212,722.212,0.856944444,0.194444444,0,0,0,,0,330,330,29,1,modo,,,
,,,,,,5ef4c07dc8437809ba661613,676192165fb32c2e1fb7aee6,67d1941936d2f129390f63a1,2025-03-12_15h03.15.026,Tarea de decisión léxica,2024.2.5,Win32,59.88023952,,,,,,,,,,,,,,,,,,,,,,,,722.2125,723.2795,a,1,0.4047,1,723.2795,723.7798,,,,,,1,FEM,WORD,DIS,150,casa,,el,,0.4047,,723.7798,723.7799,0.856944444,0.194444444,0,0,0,,0,331,331,0,1,mada,,,
,,,,,,5ef4c07dc8437809ba661613,676192165fb32c2e1fb7aee6,67d1941936d2f129390f63a1,2025-03-12_15h03.15.026,Tarea de decisión léxica,2024.2.5,Win32,59.88023952,,,,,,,,,,,,,,,,,,,,,,,,723.7805,724.8474,a,1,0.3992,1,724.8474,725.3478,,,,,,193,FEM,WORD,DIS,150,loca,,el,,0.3992,,725.3478,725.3478,0.856944444,0.194444444,0,0,0,,0,332,332,192,1,foda,,,
,,,,,,5ef4c07dc8437809ba661613,676192165fb32c2e1fb7aee6,67d1941936d2f129390f63a1,2025-03-12_15h03.15.026,Tarea de decisión léxica,2024.2.5,Win32,59.88023952,,,,,,,,,,,,,,,,,,,,,,,,725.3483,726.4153,a,1,0.3991,1,726.4153,726.9157,,,,,,435,MAS,WORD,AGR,150,ritmo,,el,,0.3991,,726.9162,726.9166,0.856944444,0.194444444,0,0,0,,0,333,333,434,1,ricno,,,
,,,,,,5ef4c07dc8437809ba661613,676192165fb32c2e1fb7aee6,67d1941936d2f129390f63a1,2025-03-12_15h03.15.026,Tarea de decisión léxica,2024.2.5,Win32,59.88023952,,,,,,,,,,,,,,,,,,,,,,,,726.9169,727.9666,a,1,0.3735,1,727.9667,728.4669,,,,,,75,MAS,WORD,AGR,150,olor,,el,,0.3735,,728.467,728.467,0.856944444,0.194444444,0,0,0,,0,334,334,74,1,ocer,,,
,,,,,,5ef4c07dc8437809ba661613,676192165fb32c2e1fb7aee6,67d1941936d2f129390f63a1,2025-03-12_15h03.15.026,Tarea de decisión léxica,2024.2.5,Win32,59.88023952,,,,,,,,,,,,,,,,,,,,,,,,728.4675,729.5178,l,1,0.3887,1,729.5178,730.0182,,,,,,392,MAS,NOWORD,DIS,150,dievo,,la,,0.3887,,730.0182,730.0183,0.856944444,0.194444444,0,0,0,,0,335,335,391,1,dueño,,,
,,,,,,5ef4c07dc8437809ba661613,676192165fb32c2e1fb7aee6,67d1941936d2f129390f63a1,2025-03-12_15h03.15.026,Tarea de decisión léxica,2024.2.5,Win32,59.88023952,,,,,,,,,,,,,,,,,,,,,,,,730.0188,731.0857,l,1,0.4064,1,731.0858,731.5861,,,,,,152,MAS,NOWORD,DIS,150,sogo,,la,,0.4064,,731.5861,731.5862,0.856944444,0.194444444,0,0,0,,0,336,336,151,1,tomo,,,
,,,,,,5ef4c07dc8437809ba661613,676192165fb32c2e1fb7aee6,67d1941936d2f129390f63a1,2025-03-12_15h03.15.026,Tarea de decisión léxica,2024.2.5,Win32,59.88023952,,,,,,,,,,,,,,,,,,,,,,,,731.5866,732.7036,l,1,0.4619,1,732.7037,733.2041,,,,,,398,FEM,NOWORD,AGR,150,trigi,,la,,0.4619,,733.2041,733.2041,0.856944444,0.194444444,0,0,0,,0,337,337,397,1,tribu,,,
,,,,,,5ef4c07dc8437809ba661613,676192165fb32c2e1fb7aee6,67d1941936d2f129390f63a1,2025-03-12_15h03.15.026,Tarea de decisión léxica,2024.2.5,Win32,59.88023952,,,,,,,,,,,,,,,,,,,,,,,,733.2046,734.2049,a,1,0.3325,1,734.2049,734.7053,,,,,,403,FEM,WORD,AGR,150,prima,,la,,0.3325,,734.7058,734.7063,0.856944444,0.194444444,0,0,0,,0,338,338,402,1,grisa,,,
,,,,,,5ef4c07dc8437809ba661613,676192165fb32c2e1fb7aee6,67d1941936d2f129390f63a1,2025-03-12_15h03.15.026,Tarea de decisión léxica,2024.2.5,Win32,59.88023952,,,,,,,,,,,,,,,,,,,,,,,,734.7065,735.7729,l,1,0.3919,1,735.7729,736.2732,,,,,,196,FEM,NOWORD,DIS,150,sira,,el,,0.3919,,736.2732,736.2733,0.856944444,0.194444444,0,0,0,,0,339,339,195,1,tela,,,
,,,,,,5ef4c07dc8437809ba661613,676192165fb32c2e1fb7aee6,67d1941936d2f129390f63a1,2025-03-12_15h03.15.026,Tarea de decisión léxica,2024.2.5,Win32,59.88023952,,,,,,,,,,,,,,,,,,,,,,,,736.2738,737.374,l,0,0.4326,0,737.3744,737.8745,,,,,,261,MAS,WORD,DIS,150,sitio,,la,,0.4326,,737.8745,737.8745,0.856944444,0.194444444,0,0,0,,0,340,340,260,1,titio,,,
,,,,,,5ef4c07dc8437809ba661613,676192165fb32c2e1fb7aee6,67d1941936d2f129390f63a1,2025-03-12_15h03.15.026,Tarea de decisión léxica,2024.2.5,Win32,59.88023952,,,,,,,,,,,,,,,,,,,,,,,,737.8751,738.942,l,1,0.4005,1,738.9424,739.4424,,,,,,120,MAS,NOWORD,DIS,150,hooy,,la,,0.4005,,739.4424,739.4425,0.856944444,0.194444444,0,0,0,,0,341,341,119,1,pozo,,,
,,,,,,5ef4c07dc8437809ba661613,676192165fb32c2e1fb7aee6,67d1941936d2f129390f63a1,2025-03-12_15h03.15.026,Tarea de decisión léxica,2024.2.5,Win32,59.88023952,,,,,,,,,,,,,,,,,,,,,,,,739.4429,740.5934,l,0,0.4863,0,740.5937,741.0937,,,,,,225,MAS,WORD,AGR,150,lodo,,el,,0.4863,,741.0937,741.0937,0.856944444,0.194444444,0,0,0,,0,342,342,224,1,boco,,,
,,,,,,5ef4c07dc8437809ba661613,676192165fb32c2e1fb7aee6,67d1941936d2f129390f63a1,2025-03-12_15h03.15.026,Tarea de decisión léxica,2024.2.5,Win32,59.88023952,,,,,,,,,,,,,,,,,,,,,,,,741.0942,742.328,l,1,0.5779,1,742.3284,742.8285,,,,,,72,FEM,NOWORD,DIS,150,urla,,el,,0.5779,,742.8289,742.8292,0.856944444,0.194444444,0,0,0,,0,343,343,71,1,isla,,,
,,,,,,5ef4c07dc8437809ba661613,676192165fb32c2e1fb7aee6,67d1941936d2f129390f63a1,2025-03-12_15h03.15.026,Tarea de decisión léxica,2024.2.5,Win32,59.88023952,,,,,,,,,,,,,,,,,,,,,,,,742.8296,743.9126,l,1,0.4048,1,743.9127,744.4131,,,,,,124,FEM,NOWORD,DIS,150,maba,,el,,0.4048,,744.4131,744.4131,0.856944444,0.194444444,0,0,0,,0,344,344,123,1,flor,,,
,,,,,,5ef4c07dc8437809ba661613,676192165fb32c2e1fb7aee6,67d1941936d2f129390f63a1,2025-03-12_15h03.15.026,Tarea de decisión léxica,2024.2.5,Win32,59.88023952,,,,,,,,,,,,,,,,,,,,,,,,744.4136,745.4805,a,1,0.4116,1,745.4806,745.9809,,,,,,207,MAS,WORD,DIS,150,kilo,,la,,0.4116,,745.981,745.981,0.856944444,0.194444444,0,0,0,,0,345,345,206,1,kedo,,,
,,,,,,5ef4c07dc8437809ba661613,676192165fb32c2e1fb7aee6,67d1941936d2f129390f63a1,2025-03-12_15h03.15.026,Tarea de decisión léxica,2024.2.5,Win32,59.88023952,,,,,,,,,,,,,,,,,,,,,,,,745.9816,747.0819,a,1,0.4436,1,747.0819,747.5822,,,,,,39,MAS,WORD,AGR,150,voto,,el,,0.4436,,747.5822,747.5822,0.856944444,0.194444444,0,0,0,,0,346,346,38,1,redo,,,
,,,,,,5ef4c07dc8437809ba661613,676192165fb32c2e1fb7aee6,67d1941936d2f129390f63a1,2025-03-12_15h03.15.026,Tarea de decisión léxica,2024.2.5,Win32,59.88023952,,,,,,,,,,,,,,,,,,,,,,,,747.5827,748.7499,a,1,0.5063,1,748.7499,749.2502,,,,,,277,MAS,WORD,DIS,150,fuego,,la,,0.5063,,749.2508,749.2511,0.856944444,0.194444444,0,0,0,,0,347,347,276,1,vuemo,,,
,,,,,,5ef4c07dc8437809ba661613,676192165fb32c2e1fb7aee6,67d1941936d2f129390f63a1,2025-03-12_15h03.15.026,Tarea de decisión léxica,2024.2.5,Win32,59.88023952,,,,,,,,,,,,,,,,,,,,,,,,749.2514,750.3678,l,1,0.4471,1,750.3678,750.8682,,,,,,132,FEM,NOWORD,DIS,150,fada,,el,,0.4471,,750.8683,750.8683,0.856944444,0.194444444,0,0,0,,0,348,348,131,1,mina,,,
,,,,,,5ef4c07dc8437809ba661613,676192165fb32c2e1fb7aee6,67d1941936d2f129390f63a1,2025-03-12_15h03.15.026,Tarea de decisión léxica,2024.2.5,Win32,59.88023952,,,,,,,,,,,,,,,,,,,,,,,,750.8688,751.9358,a,1,0.4045,1,751.9358,752.4361,,,,,,53,FEM,WORD,AGR,150,boda,,la,,0.4045,,752.4361,752.4362,0.856944444,0.194444444,0,0,0,,0,349,349,52,1,rora,,,
,,,,,,5ef4c07dc8437809ba661613,676192165fb32c2e1fb7aee6,67d1941936d2f129390f63a1,2025-03-12_15h03.15.026,Tarea de decisión léxica,2024.2.5,Win32,59.88023952,,,,,,,,,,,,,,,,,,,,,,,,752.4367,753.5537,a,1,0.4524,1,753.5537,754.0541,,,,,,237,MAS,WORD,DIS,150,nudo,,la,,0.4524,,754.0542,754.0542,0.856944444,0.194444444,0,0,0,,0,350,350,236,1,huco,,,
,,,,,,5ef4c07dc8437809ba661613,676192165fb32c2e1fb7aee6,67d1941936d2f129390f63a1,2025-03-12_15h03.15.026,Tarea de decisión léxica,2024.2.5,Win32,59.88023952,,,,,,,,,,,,,,,,,,,,,,,,754.0546,755.0883,a,1,0.3705,1,755.0883,755.5887,,,,,,447,MAS,WORD,DIS,150,bolso,,la,,0.3705,,755.5887,755.5887,0.856944444,0.194444444,0,0,0,,0,351,351,446,1,buaso,,,
,,,,,,5ef4c07dc8437809ba661613,676192165fb32c2e1fb7aee6,67d1941936d2f129390f63a1,2025-03-12_15h03.15.026,Tarea de decisión léxica,2024.2.5,Win32,59.88023952,,,,,,,,,,,,,,,,,,,,,,,,755.5892,756.5728,a,1,0.3239,1,756.5729,757.0732,,,,,,77,MAS,WORD,DIS,150,loco,,la,,0.3239,,757.0736,757.074,0.856944444,0.194444444,0,0,0,,0,352,352,76,1,fodo,,,
,,,,,,5ef4c07dc8437809ba661613,676192165fb32c2e1fb7aee6,67d1941936d2f129390f63a1,2025-03-12_15h03.15.026,Tarea de decisión léxica,2024.2.5,Win32,59.88023952,,,,,,,,,,,,,,,,,,,,,,,,757.0745,758.0741,a,1,0.3278,1,758.0741,758.5744,,,,,,341,MAS,WORD,AGR,150,valor,,el,,0.3278,,758.5744,758.5744,0.856944444,0.194444444,0,0,0,,0,353,353,340,1,daror,,,
,,,,,,5ef4c07dc8437809ba661613,676192165fb32c2e1fb7aee6,67d1941936d2f129390f63a1,2025-03-12_15h03.15.026,Tarea de decisión léxica,2024.2.5,Win32,59.88023952,,,,,,,,,,,,,,,,,,,,,,,,758.575,759.6085,a,1,0.3714,1,759.6086,760.1089,,,,,,103,FEM,WORD,DIS,150,ruta,,el,,0.3714,,760.109,760.109,0.856944444,0.194444444,0,0,0,,0,354,354,102,1,rova,,,
,,,,,,5ef4c07dc8437809ba661613,676192165fb32c2e1fb7aee6,67d1941936d2f129390f63a1,2025-03-12_15h03.15.026,Tarea de decisión léxica,2024.2.5,Win32,59.88023952,,,,,,,,,,,,,,,,,,,,,,,,760.1095,760.993,a,1,0.2276,1,760.993,761.4933,,,,,,87,MAS,WORD,DIS,150,vaso,,la,,0.2276,,761.4933,761.4935,0.856944444,0.194444444,0,0,0,,0,355,355,86,1,damo,,,
,,,,,,5ef4c07dc8437809ba661613,676192165fb32c2e1fb7aee6,67d1941936d2f129390f63a1,2025-03-12_15h03.15.026,Tarea de decisión léxica,2024.2.5,Win32,59.88023952,,,,,,,,,,,,,,,,,,,,,,,,761.4939,762.661,a,0,0.5007,0,762.6616,763.1614,,,,,,192,FEM,NOWORD,DIS,150,bila,,el,,0.5007,,763.1614,763.1615,0.856944444,0.194444444,0,0,0,,0,356,356,191,1,pila,,,
,,,,,,5ef4c07dc8437809ba661613,676192165fb32c2e1fb7aee6,67d1941936d2f129390f63a1,2025-03-12_15h03.15.026,Tarea de decisión léxica,2024.2.5,Win32,59.88023952,,,,,,,,,,,,,,,,,,,,,,,,763.1621,764.329,l,1,0.5102,1,764.3293,764.8294,,,,,,118,MAS,NOWORD,AGR,150,movo,,el,,0.5102,,764.8298,764.8302,0.856944444,0.194444444,0,0,0,,0,357,357,117,1,palo,,,
,,,,,,5ef4c07dc8437809ba661613,676192165fb32c2e1fb7aee6,67d1941936d2f129390f63a1,2025-03-12_15h03.15.026,Tarea de decisión léxica,2024.2.5,Win32,59.88023952,,,,,,,,,,,,,,,,,,,,,,,,764.8305,766.0471,l,1,0.5399,1,766.0472,766.5474,,,,,,34,FEM,NOWORD,AGR,150,loda,,la,,0.5399,,766.5474,766.5475,0.856944444,0.194444444,0,0,0,,0,358,358,33,1,boca,,,
,,,,,,5ef4c07dc8437809ba661613,676192165fb32c2e1fb7aee6,67d1941936d2f129390f63a1,2025-03-12_15h03.15.026,Tarea de decisión léxica,2024.2.5,Win32,59.88023952,,,,,,,,,,,,,,,,,,,,,,,,766.548,767.5983,a,1,0.3814,1,767.5983,768.0987,,,,,,229,MAS,WORD,AGR,150,amor,,el,,0.3814,,768.0987,768.0987,0.856944444,0.194444444,0,0,0,,0,359,359,228,1,ador,,,
,,,,,,5ef4c07dc8437809ba661613,676192165fb32c2e1fb7aee6,67d1941936d2f129390f63a1,2025-03-12_15h03.15.026,Tarea de decisión léxica,2024.2.5,Win32,59.88023952,,,,,,,,,,,,,,,,,,,,,,,,768.0992,769.1662,a,1,0.4004,1,769.1662,769.6666,,,,,,117,MAS,WORD,DIS,150,palo,,la,,0.4004,,769.6666,769.6667,0.856944444,0.194444444,0,0,0,,0,360,360,116,1,movo,,,
,,,,,,5ef4c07dc8437809ba661613,676192165fb32c2e1fb7aee6,67d1941936d2f129390f63a1,2025-03-12_15h03.15.026,Tarea de decisión léxica,2024.2.5,Win32,59.88023952,,,,,,,,,,,,,,,,,,,,,,,,769.6671,770.7007,a,1,0.3672,1,770.7007,771.2012,,,,,,129,MAS,WORD,AGR,150,oído,,el,,0.3672,,771.2012,771.2012,0.856944444,0.194444444,0,0,0,,0,361,361,128,1,pima,,,
,,,,,,5ef4c07dc8437809ba661613,676192165fb32c2e1fb7aee6,67d1941936d2f129390f63a1,2025-03-12_15h03.15.026,Tarea de decisión léxica,2024.2.5,Win32,59.88023952,,,,,,,,,,,,,,,,,,,,,,,,771.2018,772.2353,a,1,0.3674,1,772.2354,772.7357,,,,,,43,FEM,WORD,AGR,150,pena,,la,,0.3674,,772.7362,772.7366,0.856944444,0.194444444,0,0,0,,0,362,362,42,1,meda,,,
,,,,,,5ef4c07dc8437809ba661613,676192165fb32c2e1fb7aee6,67d1941936d2f129390f63a1,2025-03-12_15h03.15.026,Tarea de decisión léxica,2024.2.5,Win32,59.88023952,,,,,,,,,,,,,,,,,,,,,,,,772.7368,773.7532,a,1,0.3369,1,773.7532,774.2536,,,,,,169,MAS,WORD,AGR,150,cubo,,el,,0.3369,,774.2536,774.2537,0.856944444,0.194444444,0,0,0,,0,363,363,168,1,mibo,,,
,,,,,,5ef4c07dc8437809ba661613,676192165fb32c2e1fb7aee6,67d1941936d2f129390f63a1,2025-03-12_15h03.15.026,Tarea de decisión léxica,2024.2.5,Win32,59.88023952,,,,,,,,,,,,,,,,,,,,,,,,774.2542,775.2544,a,1,0.3325,1,775.2545,775.7548,,,,,,271,FEM,WORD,DIS,150,señal,,el,,0.3325,,775.7548,775.7549,0.856944444,0.194444444,0,0,0,,0,364,364,270,1,refal,,,
,,,,,,5ef4c07dc8437809ba661613,676192165fb32c2e1fb7aee6,67d1941936d2f129390f63a1,2025-03-12_15h03.15.026,Tarea de decisión léxica,2024.2.5,Win32,59.88023952,,,,,,,,,,,,,,,,,,,,,,,,775.7553,776.6889,a,1,0.2698,1,776.6889,777.1893,,,,,,107,MAS,WORD,AGR,150,saco,,el,,0.2698,,777.1893,777.1893,0.856944444,0.194444444,0,0,0,,0,365,365,106,1,raot,,,
,,,,,,5ef4c07dc8437809ba661613,676192165fb32c2e1fb7aee6,67d1941936d2f129390f63a1,2025-03-12_15h03.15.026,Tarea de decisión léxica,2024.2.5,Win32,59.88023952,,,,,,,,,,,,,,,,,,,,,,,,777.1899,778.1906,a,1,0.3393,1,778.1906,778.6905,,,,,,433,MAS,WORD,DIS,150,disco,,la,,0.3393,,778.6906,778.6906,0.856944444,0.194444444,0,0,0,,0,366,366,432,1,durco,,,
,,,,,,5ef4c07dc8437809ba661613,676192165fb32c2e1fb7aee6,67d1941936d2f129390f63a1,2025-03-12_15h03.15.026,Tarea de decisión léxica,2024.2.5,Win32,59.88023952,,,,,,,,,,,,,,,,,,,,,,,,778.6911,779.7414,l,1,0.384,1,779.7414,780.2417,,,,,,284,MAS,NOWORD,DIS,150,tuevo,,la,,0.384,,780.2423,780.2425,0.856944444,0.194444444,0,0,0,,0,367,367,283,1,sueño,,,
,,,,,,5ef4c07dc8437809ba661613,676192165fb32c2e1fb7aee6,67d1941936d2f129390f63a1,2025-03-12_15h03.15.026,Tarea de decisión léxica,2024.2.5,Win32,59.88023952,,,,,,,,,,,,,,,,,,,,,,,,780.2429,781.3593,a,1,0.4395,1,781.3594,781.8597,,,,,,37,MAS,WORD,DIS,150,rato,,la,,0.4395,,781.8597,781.8598,0.856944444,0.194444444,0,0,0,,0,368,368,36,1,gaco,,,
,,,,,,5ef4c07dc8437809ba661613,676192165fb32c2e1fb7aee6,67d1941936d2f129390f63a1,2025-03-12_15h03.15.026,Tarea de decisión léxica,2024.2.5,Win32,59.88023952,,,,,,,,,,,,,,,,,,,,,,,,781.8603,783.0273,l,1,0.5088,1,783.0274,783.5277,,,,,,148,FEM,NOWORD,DIS,150,pama,,el,,0.5088,,783.5277,783.5278,0.856944444,0.194444444,0,0,0,,0,369,369,147,1,hoja,,,
,,,,,,5ef4c07dc8437809ba661613,676192165fb32c2e1fb7aee6,67d1941936d2f129390f63a1,2025-03-12_15h03.15.026,Tarea de decisión léxica,2024.2.5,Win32,59.88023952,,,,,,,,,,,,,,,,,,,,,,,,783.5283,784.6458,a,1,0.4492,1,784.6458,785.1457,,,,,,353,FEM,WORD,DIS,150,celda,,el,,0.4492,,785.1457,785.1457,0.856944444,0.194444444,0,0,0,,0,370,370,352,1,cezca,,,
,,,,,,5ef4c07dc8437809ba661613,676192165fb32c2e1fb7aee6,67d1941936d2f129390f63a1,2025-03-12_15h03.15.026,Tarea de decisión léxica,2024.2.5,Win32,59.88023952,,,,,,,,,,,,,,,,,,,,,,,,785.1462,786.2799,a,1,0.479,1,786.28,786.7803,,,,,,371,FEM,WORD,DIS,150,pasta,,el,,0.479,,786.7808,786.7812,0.856944444,0.194444444,0,0,0,,0,371,371,370,1,mosta,,,
,,,,,,5ef4c07dc8437809ba661613,676192165fb32c2e1fb7aee6,67d1941936d2f129390f63a1,2025-03-12_15h03.15.026,Tarea de decisión léxica,2024.2.5,Win32,59.88023952,,,,,,,,,,,,,,,,,,,,,,,,786.7814,787.7147,a,1,0.2608,1,787.7148,788.2148,,,,,,89,MAS,WORD,AGR,150,humo,,el,,0.2608,,788.2148,788.2149,0.856944444,0.194444444,0,0,0,,0,372,372,88,1,guso,,,
,,,,,,5ef4c07dc8437809ba661613,676192165fb32c2e1fb7aee6,67d1941936d2f129390f63a1,2025-03-12_15h03.15.026,Tarea de decisión léxica,2024.2.5,Win32,59.88023952,,,,,,,,,,,,,,,,,,,,,,,,788.2154,789.2156,l,0,0.3377,0,789.2159,789.716,,,,,,9,MAS,WORD,AGR,150,tipo,,el,,0.3377,,789.716,789.7161,0.856944444,0.194444444,0,0,0,,0,373,373,8,1,sibo,,,
,,,,,,5ef4c07dc8437809ba661613,676192165fb32c2e1fb7aee6,67d1941936d2f129390f63a1,2025-03-12_15h03.15.026,Tarea de decisión léxica,2024.2.5,Win32,59.88023952,,,,,,,,,,,,,,,,,,,,,,,,789.7166,790.8336,l,1,0.4527,1,790.8339,791.3341,,,,,,88,MAS,NOWORD,DIS,150,damo,,la,,0.4527,,791.3341,791.3342,0.856944444,0.194444444,0,0,0,,0,374,374,87,1,vaso,,,
,,,,,,5ef4c07dc8437809ba661613,676192165fb32c2e1fb7aee6,67d1941936d2f129390f63a1,2025-03-12_15h03.15.026,Tarea de decisión léxica,2024.2.5,Win32,59.88023952,,,,,,,,,,,,,,,,,,,,,,,,791.3346,792.3681,l,1,0.3787,1,792.3681,792.8685,,,,,,412,MAS,NOWORD,DIS,150,mobro,,la,,0.3787,,792.8686,792.8686,0.856944444,0.194444444,0,0,0,,0,375,375,411,1,pollo,,,
,,,,,,5ef4c07dc8437809ba661613,676192165fb32c2e1fb7aee6,67d1941936d2f129390f63a1,2025-03-12_15h03.15.026,Tarea de decisión léxica,2024.2.5,Win32,59.88023952,,,,,,,,,,,,,,,,,,,,,,,,792.869,794.0528,a,1,0.516,1,794.0529,794.5532,,,,,,255,MAS,WORD,DIS,150,miedo,,la,,0.516,,794.5537,794.554,0.856944444,0.194444444,0,0,0,,0,376,376,254,1,mauco,,,
,,,,,,5ef4c07dc8437809ba661613,676192165fb32c2e1fb7aee6,67d1941936d2f129390f63a1,2025-03-12_15h03.15.026,Tarea de decisión léxica,2024.2.5,Win32,59.88023952,,,,,,,,,,,,,,,,,,,,,,,,794.5543,795.6374,a,1,0.4058,1,795.6375,796.1378,,,,,,241,MAS,WORD,DIS,150,mundo,,la,,0.4058,,796.1379,796.1379,0.856944444,0.194444444,0,0,0,,0,377,377,240,1,mirdo,,,
,,,,,,5ef4c07dc8437809ba661613,676192165fb32c2e1fb7aee6,67d1941936d2f129390f63a1,2025-03-12_15h03.15.026,Tarea de decisión léxica,2024.2.5,Win32,59.88023952,,,,,,,,,,,,,,,,,,,,,,,,796.1384,797.172,l,1,0.3657,1,797.172,797.6724,,,,,,210,MAS,NOWORD,AGR,150,dero,,el,,0.3657,,797.6724,797.6724,0.856944444,0.194444444,0,0,0,,0,378,378,209,1,velo,,,
,,,,,,5ef4c07dc8437809ba661613,676192165fb32c2e1fb7aee6,67d1941936d2f129390f63a1,2025-03-12_15h03.15.026,Tarea de decisión léxica,2024.2.5,Win32,59.88023952,,,,,,,,,,,,,,,,,,,,,,,,797.6729,798.64,a,1,0.3121,1,798.64,799.1401,,,,,,325,FEM,WORD,DIS,150,magia,,el,,0.3121,,799.1402,799.1402,0.856944444,0.194444444,0,0,0,,0,379,379,324,1,mabia,,,
,,,,,,5ef4c07dc8437809ba661613,676192165fb32c2e1fb7aee6,67d1941936d2f129390f63a1,2025-03-12_15h03.15.026,Tarea de decisión léxica,2024.2.5,Win32,59.88023952,,,,,,,,,,,,,,,,,,,,,,,,799.1407,800.3245,l,1,0.5177,1,800.3245,800.8248,,,,,,112,MAS,NOWORD,DIS,150,siro,,la,,0.5177,,800.8248,800.8249,0.856944444,0.194444444,0,0,0,,0,380,380,111,1,muro,,,
,,,,,,5ef4c07dc8437809ba661613,676192165fb32c2e1fb7aee6,67d1941936d2f129390f63a1,2025-03-12_15h03.15.026,Tarea de decisión léxica,2024.2.5,Win32,59.88023952,,,,,,,,,,,,,,,,,,,,,,,,800.8254,801.8925,l,1,0.4076,1,801.8925,802.3928,,,,,,454,FEM,NOWORD,AGR,150,pafia,,la,,0.4076,,802.3933,802.3937,0.856944444,0.194444444,0,0,0,,0,381,381,453,1,mafia,,,
,,,,,,5ef4c07dc8437809ba661613,676192165fb32c2e1fb7aee6,67d1941936d2f129390f63a1,2025-03-12_15h03.15.026,Tarea de decisión léxica,2024.2.5,Win32,59.88023952,,,,,,,,,,,,,,,,,,,,,,,,802.3939,803.3603,a,1,0.2884,1,803.3603,803.8606,,,,,,185,MAS,WORD,AGR,150,baúl,,el,,0.2884,,803.8606,803.8607,0.856944444,0.194444444,0,0,0,,0,382,382,184,1,raol,,,
,,,,,,5ef4c07dc8437809ba661613,676192165fb32c2e1fb7aee6,67d1941936d2f129390f63a1,2025-03-12_15h03.15.026,Tarea de decisión léxica,2024.2.5,Win32,59.88023952,,,,,,,,,,,,,,,,,,,,,,,,803.8613,805.0116,l,1,0.4838,1,805.0116,805.512,,,,,,336,FEM,NOWORD,DIS,150,pesta,,el,,0.4838,,805.512,805.512,0.856944444,0.194444444,0,0,0,,0,383,383,335,1,costa,,,
,,,,,,5ef4c07dc8437809ba661613,676192165fb32c2e1fb7aee6,67d1941936d2f129390f63a1,2025-03-12_15h03.15.026,Tarea de decisión léxica,2024.2.5,Win32,59.88023952,,,,,,,,,,,,,,,,,,,,,,,,805.5126,806.4961,a,0,0.3207,0,806.4965,806.9964,,,,,,474,FEM,NOWORD,AGR,150,felia,,la,,0.3207,,806.9965,806.9965,0.856944444,0.194444444,0,0,0,,0,384,384,473,1,feria,,,
,,,,,,5ef4c07dc8437809ba661613,676192165fb32c2e1fb7aee6,67d1941936d2f129390f63a1,2025-03-12_15h03.15.026,Tarea de decisión léxica,2024.2.5,Win32,59.88023952,,,,,,,,,,,,,,,,,,,,,,,,806.997,808.014,a,1,0.349,1,808.0143,808.5144,,,,,,259,MAS,WORD,AGR,150,juego,,el,,0.349,,808.5144,808.5144,0.856944444,0.194444444,0,0,0,,0,385,385,258,1,jaumo,,,
,,,,,,5ef4c07dc8437809ba661613,676192165fb32c2e1fb7aee6,67d1941936d2f129390f63a1,2025-03-12_15h03.15.026,Tarea de decisión léxica,2024.2.5,Win32,59.88023952,,,,,,,,,,,,,,,,,,,,,,,,808.5149,809.4985,l,1,0.3195,1,809.4985,809.9989,,,,,,332,MAS,NOWORD,DIS,150,erato,,la,,0.3195,,809.9994,809.9997,0.856944444,0.194444444,0,0,0,,0,386,386,331,1,éxito,,,
,,,,,,5ef4c07dc8437809ba661613,676192165fb32c2e1fb7aee6,67d1941936d2f129390f63a1,2025-03-12_15h03.15.026,Tarea de decisión léxica,2024.2.5,Win32,59.88023952,,,,,,,,,,,,,,,,,,,,,,,,810.0001,811.1665,a,1,0.4852,1,811.1666,811.6669,,,,,,167,FEM,WORD,DIS,150,jefa,,el,,0.4852,,811.6669,811.6669,0.856944444,0.194444444,0,0,0,,0,387,387,166,1,zifa,,,
,,,,,,5ef4c07dc8437809ba661613,676192165fb32c2e1fb7aee6,67d1941936d2f129390f63a1,2025-03-12_15h03.15.026,Tarea de decisión léxica,2024.2.5,Win32,59.88023952,,,,,,,,,,,,,,,,,,,,,,,,811.6674,812.8011,l,1,0.4776,1,812.8012,813.3015,,,,,,130,MAS,NOWORD,AGR,150,pima,,el,,0.4776,,813.3015,813.3016,0.856944444,0.194444444,0,0,0,,0,388,388,129,1,oído,,,
,,,,,,5ef4c07dc8437809ba661613,676192165fb32c2e1fb7aee6,67d1941936d2f129390f63a1,2025-03-12_15h03.15.026,Tarea de decisión léxica,2024.2.5,Win32,59.88023952,,,,,,,,,,,,,,,,,,,,,,,,813.3021,814.4357,l,1,0.467,1,814.4358,814.9363,,,,,,472,FEM,NOWORD,DIS,150,prana,,el,,0.467,,814.9363,814.9363,0.856944444,0.194444444,0,0,0,,0,389,389,471,1,grasa,,,
,,,,,,5ef4c07dc8437809ba661613,676192165fb32c2e1fb7aee6,67d1941936d2f129390f63a1,2025-03-12_15h03.15.026,Tarea de decisión léxica,2024.2.5,Win32,59.88023952,,,,,,,,,,,,,,,,,,,,,,,,814.9368,815.9536,a,1,0.3604,1,815.9537,816.4541,,,,,,45,FEM,WORD,DIS,150,mesa,,el,,0.3604,,816.4541,816.4542,0.856944444,0.194444444,0,0,0,,0,390,390,44,1,pema,,,
,,,,,,5ef4c07dc8437809ba661613,676192165fb32c2e1fb7aee6,67d1941936d2f129390f63a1,2025-03-12_15h03.15.026,Tarea de decisión léxica,2024.2.5,Win32,59.88023952,,,,,,,,,,,,,,,,,,,,,,,,816.4547,817.4549,l,1,0.3385,1,817.4549,817.9552,,,,,,236,FEM,NOWORD,DIS,150,tria,,el,,0.3385,,817.9558,817.9561,0.856944444,0.194444444,0,0,0,,0,391,391,235,1,grúa,,,
,,,,,,5ef4c07dc8437809ba661613,676192165fb32c2e1fb7aee6,67d1941936d2f129390f63a1,2025-03-12_15h03.15.026,Tarea de decisión léxica,2024.2.5,Win32,59.88023952,,,,,,,,,,,,,,,,,,,,,,,,817.9564,819.0394,l,1,0.406,1,819.0395,819.5398,,,,,,390,MAS,NOWORD,AGR,150,cenco,,el,,0.406,,819.5399,819.5399,0.856944444,0.194444444,0,0,0,,0,392,392,389,1,cerdo,,,
,,,,,,5ef4c07dc8437809ba661613,676192165fb32c2e1fb7aee6,67d1941936d2f129390f63a1,2025-03-12_15h03.15.026,Tarea de decisión léxica,2024.2.5,Win32,59.88023952,,,,,,,,,,,,,,,,,,,,,,,,819.5405,820.6073,a,1,0.3991,1,820.6074,821.1078,,,,,,73,MAS,WORD,DIS,150,odio,,la,,0.3991,,821.1078,821.1078,0.856944444,0.194444444,0,0,0,,0,393,393,72,1,omio,,,
,,,,,,5ef4c07dc8437809ba661613,676192165fb32c2e1fb7aee6,67d1941936d2f129390f63a1,2025-03-12_15h03.15.026,Tarea de decisión léxica,2024.2.5,Win32,59.88023952,,,,,,,,,,,,,,,,,,,,,,,,821.1084,822.1586,a,1,0.3711,1,822.1587,822.659,,,,,,95,FEM,WORD,AGR,151,moda,,la,,0.3711,,822.659,822.6591,0.856944444,0.194444444,0,0,0,,0,394,394,94,1,neda,,,
,,,,,,5ef4c07dc8437809ba661613,676192165fb32c2e1fb7aee6,67d1941936d2f129390f63a1,2025-03-12_15h03.15.026,Tarea de decisión léxica,2024.2.5,Win32,59.88023952,,,,,,,,,,,,,,,,,,,,,,,,822.6595,823.6598,l,1,0.3323,1,823.6598,824.1602,,,,,,254,MAS,NOWORD,AGR,150,trido,,el,,0.3323,,824.1607,824.161,0.856944444,0.194444444,0,0,0,,0,395,395,253,1,chico,,,
,,,,,,5ef4c07dc8437809ba661613,676192165fb32c2e1fb7aee6,67d1941936d2f129390f63a1,2025-03-12_15h03.15.026,Tarea de decisión léxica,2024.2.5,Win32,59.88023952,,,,,,,,,,,,,,,,,,,,,,,,824.1613,825.111,a,1,0.281,1,825.1111,825.6114,,,,,,143,MAS,WORD,AGR,150,pavo,,el,,0.281,,825.6114,825.6115,0.856944444,0.194444444,0,0,0,,0,396,396,142,1,pezo,,,
,,,,,,5ef4c07dc8437809ba661613,676192165fb32c2e1fb7aee6,67d1941936d2f129390f63a1,2025-03-12_15h03.15.026,Tarea de decisión léxica,2024.2.5,Win32,59.88023952,,,,,,,,,,,,,,,,,,,,,,,,825.612,826.6289,l,1,0.3572,1,826.6289,827.1293,,,,,,468,MAS,NOWORD,DIS,150,peiso,,la,,0.3572,,827.1293,827.1293,0.856944444,0.194444444,0,0,0,,0,397,397,467,1,piano,,,
,,,,,,5ef4c07dc8437809ba661613,676192165fb32c2e1fb7aee6,67d1941936d2f129390f63a1,2025-03-12_15h03.15.026,Tarea de decisión léxica,2024.2.5,Win32,59.88023952,,,,,,,,,,,,,,,,,,,,,,,,827.1299,828.0967,a,1,0.3032,1,828.0968,828.5971,,,,,,141,FEM,WORD,AGR,150,cruz,,la,,0.3032,,828.5972,828.5972,0.856944444,0.194444444,0,0,0,,0,398,398,140,1,sina,,,
,,,,,,5ef4c07dc8437809ba661613,676192165fb32c2e1fb7aee6,67d1941936d2f129390f63a1,2025-03-12_15h03.15.026,Tarea de decisión léxica,2024.2.5,Win32,59.88023952,,,,,,,,,,,,,,,,,,,,,,,,828.5976,829.6146,l,1,0.3555,1,829.6147,830.115,,,,,,166,FEM,NOWORD,AGR,150,dera,,la,,0.3555,,830.115,830.115,0.856944444,0.194444444,0,0,0,,0,399,399,165,1,vela,,,
,,,,,,5ef4c07dc8437809ba661613,676192165fb32c2e1fb7aee6,67d1941936d2f129390f63a1,2025-03-12_15h03.15.026,Tarea de decisión léxica,2024.2.5,Win32,59.88023952,,,,,,,,,,,,,,,,,,,,,,,,830.1155,831.2493,a,0,0.4775,0,831.2497,831.7497,,,,,,122,MAS,NOWORD,AGR,150,bomo,,el,,0.4775,,831.7501,831.7504,0.856944444,0.194444444,0,0,0,,0,400,400,121,1,hoyo,,,
,,,,,,5ef4c07dc8437809ba661613,676192165fb32c2e1fb7aee6,67d1941936d2f129390f63a1,2025-03-12_15h03.15.026,Tarea de decisión léxica,2024.2.5,Win32,59.88023952,,,,,,,,,,,,,,,,,,,,,,,,831.7507,832.8839,l,1,0.4489,1,832.8842,833.3843,,,,,,290,FEM,NOWORD,AGR,150,bumpa,,la,,0.4489,,833.3843,833.3844,0.856944444,0.194444444,0,0,0,,0,401,401,289,1,bomba,,,
,,,,,,5ef4c07dc8437809ba661613,676192165fb32c2e1fb7aee6,67d1941936d2f129390f63a1,2025-03-12_15h03.15.026,Tarea de decisión léxica,2024.2.5,Win32,59.88023952,,,,,,,,,,,,,,,,,,,,,,,,833.3848,834.5522,l,1,0.5056,1,834.5522,835.0522,,,,,,128,MAS,NOWORD,DIS,150,itio,,la,,0.5056,,835.0523,835.0524,0.856944444,0.194444444,0,0,0,,0,402,402,127,1,pico,,,
,,,,,,5ef4c07dc8437809ba661613,676192165fb32c2e1fb7aee6,67d1941936d2f129390f63a1,2025-03-12_15h03.15.026,Tarea de decisión léxica,2024.2.5,Win32,59.88023952,,,,,,,,,,,,,,,,,,,,,,,,835.0528,836.1198,l,1,0.4042,1,836.1199,836.6202,,,,,,456,MAS,NOWORD,DIS,150,riaso,,la,,0.4042,,836.6202,836.6203,0.856944444,0.194444444,0,0,0,,0,403,403,455,1,reino,,,
,,,,,,5ef4c07dc8437809ba661613,676192165fb32c2e1fb7aee6,67d1941936d2f129390f63a1,2025-03-12_15h03.15.026,Tarea de decisión léxica,2024.2.5,Win32,59.88023952,,,,,,,,,,,,,,,,,,,,,,,,836.6208,837.6544,a,1,0.3673,1,837.6545,838.1548,,,,,,311,MAS,WORD,DIS,150,honor,,la,,0.3673,,838.1548,838.1548,0.856944444,0.194444444,0,0,0,,0,404,404,310,1,nosor,,,
,,,,,,5ef4c07dc8437809ba661613,676192165fb32c2e1fb7aee6,67d1941936d2f129390f63a1,2025-03-12_15h03.15.026,Tarea de decisión léxica,2024.2.5,Win32,59.88023952,,,,,,,,,,,,,,,,,,,,,,,,838.1552,839.189,a,1,0.3738,1,839.189,839.6893,,,,,,415,FEM,WORD,AGR,150,jaula,,la,,0.3738,,839.6899,839.6901,0.856944444,0.194444444,0,0,0,,0,405,405,414,1,juira,,,
,,,,,,5ef4c07dc8437809ba661613,676192165fb32c2e1fb7aee6,67d1941936d2f129390f63a1,2025-03-12_15h03.15.026,Tarea de decisión léxica,2024.2.5,Win32,59.88023952,,,,,,,,,,,,,,,,,,,,,,,,839.6904,840.6901,a,1,0.3198,1,840.6902,841.1906,,,,,,469,MAS,WORD,AGR,150,patio,,el,,0.3198,,841.1906,841.1907,0.856944444,0.194444444,0,0,0,,0,406,406,468,1,matia,,,
,,,,,,5ef4c07dc8437809ba661613,676192165fb32c2e1fb7aee6,67d1941936d2f129390f63a1,2025-03-12_15h03.15.026,Tarea de decisión léxica,2024.2.5,Win32,59.88023952,,,,,,,,,,,,,,,,,,,,,,,,841.1911,842.2747,a,1,0.4178,1,842.2747,842.7752,,,,,,81,FEM,WORD,AGR,150,dama,,la,,0.4178,,842.7752,842.7752,0.856944444,0.194444444,0,0,0,,0,407,407,80,1,vasa,,,
,,,,,,5ef4c07dc8437809ba661613,676192165fb32c2e1fb7aee6,67d1941936d2f129390f63a1,2025-03-12_15h03.15.026,Tarea de decisión léxica,2024.2.5,Win32,59.88023952,,,,,,,,,,,,,,,,,,,,,,,,842.7756,843.826,l,1,0.3935,1,843.826,844.3264,,,,,,352,MAS,NOWORD,DIS,150,duepo,,la,,0.3935,,844.3264,844.3265,0.856944444,0.194444444,0,0,0,,0,408,408,351,1,vuelo,,,
,,,,,,5ef4c07dc8437809ba661613,676192165fb32c2e1fb7aee6,67d1941936d2f129390f63a1,2025-03-12_15h03.15.026,Tarea de decisión léxica,2024.2.5,Win32,59.88023952,,,,,,,,,,,,,,,,,,,,,,,,844.3269,845.4273,l,1,0.4421,1,845.4273,845.9277,,,,,,228,MAS,NOWORD,DIS,150,laro,,la,,0.4421,,845.9277,845.9278,0.856944444,0.194444444,0,0,0,,0,409,409,227,1,faro,,,
,,,,,,5ef4c07dc8437809ba661613,676192165fb32c2e1fb7aee6,67d1941936d2f129390f63a1,2025-03-12_15h03.15.026,Tarea de decisión léxica,2024.2.5,Win32,59.88023952,,,,,,,,,,,,,,,,,,,,,,,,845.9282,846.9952,a,1,0.4007,1,846.9952,847.4956,,,,,,413,FEM,WORD,DIS,150,rueda,,el,,0.4007,,847.4961,847.4964,0.856944444,0.194444444,0,0,0,,0,410,410,412,1,bieda,,,
,,,,,,5ef4c07dc8437809ba661613,676192165fb32c2e1fb7aee6,67d1941936d2f129390f63a1,2025-03-12_15h03.15.026,Tarea de decisión léxica,2024.2.5,Win32,59.88023952,,,,,,,,,,,,,,,,,,,,,,,,847.4967,848.5464,l,1,0.3752,1,848.5465,849.0468,,,,,,116,FEM,NOWORD,DIS,150,haca,,el,,0.3752,,849.0468,849.0469,0.856944444,0.194444444,0,0,0,,0,411,411,115,1,pata,,,
,,,,,,5ef4c07dc8437809ba661613,676192165fb32c2e1fb7aee6,67d1941936d2f129390f63a1,2025-03-12_15h03.15.026,Tarea de decisión léxica,2024.2.5,Win32,59.88023952,,,,,,,,,,,,,,,,,,,,,,,,849.0474,850.0977,l,1,0.3702,1,850.0977,850.5986,,,,,,96,FEM,NOWORD,DIS,151,neda,,el,,0.3702,,850.5986,850.5986,0.856944444,0.194444444,0,0,0,,0,412,412,95,1,moda,,,
,,,,,,5ef4c07dc8437809ba661613,676192165fb32c2e1fb7aee6,67d1941936d2f129390f63a1,2025-03-12_15h03.15.026,Tarea de decisión léxica,2024.2.5,Win32,59.88023952,,,,,,,,,,,,,,,,,,,,,,,,850.5991,851.5822,a,1,0.3005,1,851.5822,852.0826,,,,,,279,FEM,WORD,DIS,150,prisa,,el,,0.3005,,852.0826,852.0827,0.856944444,0.194444444,0,0,0,,0,413,413,278,1,grina,,,
,,,,,,5ef4c07dc8437809ba661613,676192165fb32c2e1fb7aee6,67d1941936d2f129390f63a1,2025-03-12_15h03.15.026,Tarea de decisión léxica,2024.2.5,Win32,59.88023952,,,,,,,,,,,,,,,,,,,,,,,,852.0831,853.1669,a,1,0.429,1,853.1669,853.6672,,,,,,63,FEM,WORD,DIS,150,luna,,el,,0.429,,853.6672,853.6673,0.856944444,0.194444444,0,0,0,,0,414,414,62,1,funa,,,
,,,,,,5ef4c07dc8437809ba661613,676192165fb32c2e1fb7aee6,67d1941936d2f129390f63a1,2025-03-12_15h03.15.026,Tarea de decisión léxica,2024.2.5,Win32,59.88023952,,,,,,,,,,,,,,,,,,,,,,,,853.6677,854.7181,l,1,0.3848,1,854.7181,855.2184,,,,,,106,FEM,NOWORD,AGR,150,vina,,la,,0.3848,,855.2189,855.2192,0.856944444,0.194444444,0,0,0,,0,415,415,105,1,sopa,,,
,,,,,,5ef4c07dc8437809ba661613,676192165fb32c2e1fb7aee6,67d1941936d2f129390f63a1,2025-03-12_15h03.15.026,Tarea de decisión léxica,2024.2.5,Win32,59.88023952,,,,,,,,,,,,,,,,,,,,,,,,855.2195,856.336,a,1,0.4387,1,856.3361,856.8364,,,,,,221,FEM,WORD,AGR,150,mula,,la,,0.4387,,856.8364,856.8365,0.856944444,0.194444444,0,0,0,,0,416,416,220,1,puca,,,
,,,,,,5ef4c07dc8437809ba661613,676192165fb32c2e1fb7aee6,67d1941936d2f129390f63a1,2025-03-12_15h03.15.026,Tarea de decisión léxica,2024.2.5,Win32,59.88023952,,,,,,,,,,,,,,,,,,,,,,,,856.837,857.8873,a,0,0.396,0,857.8876,858.3876,,,,,,366,FEM,NOWORD,AGR,150,gulla,,la,,0.396,,858.3877,858.3877,0.856944444,0.194444444,0,0,0,,0,417,417,365,1,ducha,,,
,,,,,,5ef4c07dc8437809ba661613,676192165fb32c2e1fb7aee6,67d1941936d2f129390f63a1,2025-03-12_15h03.15.026,Tarea de decisión léxica,2024.2.5,Win32,59.88023952,,,,,,,,,,,,,,,,,,,,,,,,858.3882,859.4384,a,1,0.3889,1,859.4388,859.9388,,,,,,365,FEM,WORD,AGR,150,ducha,,la,,0.3889,,859.9389,859.9389,0.856944444,0.194444444,0,0,0,,0,418,418,364,1,gulla,,,
,,,,,,5ef4c07dc8437809ba661613,676192165fb32c2e1fb7aee6,67d1941936d2f129390f63a1,2025-03-12_15h03.15.026,Tarea de decisión léxica,2024.2.5,Win32,59.88023952,,,,,,,,,,,,,,,,,,,,,,,,859.9393,860.9564,a,1,0.3577,1,860.9565,861.4567,,,,,,177,MAS,WORD,AGR,150,reto,,el,,0.3577,,861.4572,861.4575,0.856944444,0.194444444,0,0,0,,0,419,419,176,1,bito,,,
,,,,,,5ef4c07dc8437809ba661613,676192165fb32c2e1fb7aee6,67d1941936d2f129390f63a1,2025-03-12_15h03.15.026,Tarea de decisión léxica,2024.2.5,Win32,59.88023952,,,,,,,,,,,,,,,,,,,,,,,,861.4579,862.491,a,1,0.3603,1,862.491,862.9913,,,,,,191,FEM,WORD,AGR,150,pila,,la,,0.3603,,862.9913,862.9914,0.856944444,0.194444444,0,0,0,,0,420,420,190,1,bila,,,
,,,,,,5ef4c07dc8437809ba661613,676192165fb32c2e1fb7aee6,67d1941936d2f129390f63a1,2025-03-12_15h03.15.026,Tarea de decisión léxica,2024.2.5,Win32,59.88023952,,,,,,,,,,,,,,,,,,,,,,,,862.9919,864.0589,l,1,0.4011,1,864.0589,864.5593,,,,,,400,MAS,NOWORD,DIS,150,serro,,la,,0.4011,,864.5593,864.5593,0.856944444,0.194444444,0,0,0,,0,421,421,399,1,techo,,,
,,,,,,5ef4c07dc8437809ba661613,676192165fb32c2e1fb7aee6,67d1941936d2f129390f63a1,2025-03-12_15h03.15.026,Tarea de decisión léxica,2024.2.5,Win32,59.88023952,,,,,,,,,,,,,,,,,,,,,,,,864.5598,865.7603,l,1,0.5452,1,865.7603,866.2607,,,,,,422,MAS,NOWORD,AGR,150,griso,,el,,0.5452,,866.2607,866.2607,0.856944444,0.194444444,0,0,0,,0,422,422,421,1,primo,,,
,,,,,,5ef4c07dc8437809ba661613,676192165fb32c2e1fb7aee6,67d1941936d2f129390f63a1,2025-03-12_15h03.15.026,Tarea de decisión léxica,2024.2.5,Win32,59.88023952,,,,,,,,,,,,,,,,,,,,,,,,866.2611,867.3281,l,1,0.4117,1,867.3281,867.8285,,,,,,36,MAS,NOWORD,DIS,150,meno,,la,,0.4117,,867.8286,867.8286,0.856944444,0.194444444,0,0,0,,0,423,423,35,1,pelo,,,
,,,,,,5ef4c07dc8437809ba661613,676192165fb32c2e1fb7aee6,67d1941936d2f129390f63a1,2025-03-12_15h03.15.026,Tarea de decisión léxica,2024.2.5,Win32,59.88023952,,,,,,,,,,,,,,,,,,,,,,,,867.829,868.8961,l,1,0.4039,1,868.8961,869.3965,,,,,,452,FEM,NOWORD,DIS,150,clita,,el,,0.4039,,869.397,869.3973,0.856944444,0.194444444,0,0,0,,0,424,424,451,1,fruta,,,
,,,,,,5ef4c07dc8437809ba661613,676192165fb32c2e1fb7aee6,67d1941936d2f129390f63a1,2025-03-12_15h03.15.026,Tarea de decisión léxica,2024.2.5,Win32,59.88023952,,,,,,,,,,,,,,,,,,,,,,,,869.3976,870.4307,a,1,0.3543,1,870.4307,870.931,,,,,,115,FEM,WORD,AGR,150,pata,,la,,0.3543,,870.9311,870.9311,0.856944444,0.194444444,0,0,0,,0,425,425,114,1,haca,,,
,,,,,,5ef4c07dc8437809ba661613,676192165fb32c2e1fb7aee6,67d1941936d2f129390f63a1,2025-03-12_15h03.15.026,Tarea de decisión léxica,2024.2.5,Win32,59.88023952,,,,,,,,,,,,,,,,,,,,,,,,870.9316,871.9651,a,1,0.3725,1,871.9652,872.4656,,,,,,263,FEM,WORD,DIS,150,vista,,el,,0.3725,,872.4656,872.4657,0.856944444,0.194444444,0,0,0,,0,426,426,262,1,dosta,,,
,,,,,,5ef4c07dc8437809ba661613,676192165fb32c2e1fb7aee6,67d1941936d2f129390f63a1,2025-03-12_15h03.15.026,Tarea de decisión léxica,2024.2.5,Win32,59.88023952,,,,,,,,,,,,,,,,,,,,,,,,872.4662,873.4664,l,1,0.3429,1,873.4664,873.9668,,,,,,478,MAS,NOWORD,AGR,150,hocon,,el,,0.3429,,873.9668,873.9669,0.856944444,0.194444444,0,0,0,,0,427,427,477,1,botón,,,
,,,,,,5ef4c07dc8437809ba661613,676192165fb32c2e1fb7aee6,67d1941936d2f129390f63a1,2025-03-12_15h03.15.026,Tarea de decisión léxica,2024.2.5,Win32,59.88023952,,,,,,,,,,,,,,,,,,,,,,,,873.9673,875.1344,l,1,0.5056,1,875.1344,875.6347,,,,,,188,MAS,NOWORD,DIS,150,suto,,la,,0.5056,,875.6348,875.6348,0.856944444,0.194444444,0,0,0,,0,428,428,187,1,mito,,,
,,,,,,5ef4c07dc8437809ba661613,676192165fb32c2e1fb7aee6,67d1941936d2f129390f63a1,2025-03-12_15h03.15.026,Tarea de decisión léxica,2024.2.5,Win32,59.88023952,,,,,,,,,,,,,,,,,,,,,,,,875.6353,876.719,l,1,0.4216,1,876.719,877.2204,,,,,,200,MAS,NOWORD,DIS,150,fano,,la,,0.4216,,877.2208,877.2211,0.856944444,0.194444444,0,0,0,,0,429,429,199,1,lazo,,,
,,,,,,5ef4c07dc8437809ba661613,676192165fb32c2e1fb7aee6,67d1941936d2f129390f63a1,2025-03-12_15h03.15.026,Tarea de decisión léxica,2024.2.5,Win32,59.88023952,,,,,,,,,,,,,,,,,,,,,,,,877.2215,878.3203,l,1,0.4216,1,878.3203,878.8206,,,,,,378,MAS,NOWORD,AGR,150,gaulo,,el,,0.4216,,878.8207,878.8207,0.856944444,0.194444444,0,0,0,,0,430,430,377,1,hielo,,,
,,,,,,5ef4c07dc8437809ba661613,676192165fb32c2e1fb7aee6,67d1941936d2f129390f63a1,2025-03-12_15h03.15.026,Tarea de decisión léxica,2024.2.5,Win32,59.88023952,,,,,,,,,,,,,,,,,,,,,,,,878.8212,879.8382,a,1,0.3547,1,879.8382,880.3386,,,,,,327,MAS,WORD,DIS,150,fondo,,la,,0.3547,,880.3386,880.3386,0.856944444,0.194444444,0,0,0,,0,431,431,326,1,lendo,,,
,,,,,,5ef4c07dc8437809ba661613,676192165fb32c2e1fb7aee6,67d1941936d2f129390f63a1,2025-03-12_15h03.15.026,Tarea de decisión léxica,2024.2.5,Win32,59.88023952,,,,,,,,,,,,,,,,,,,,,,,,880.3392,881.3894,l,1,0.3901,1,881.3895,881.8898,,,,,,260,MAS,NOWORD,DIS,150,jaumo,,la,,0.3901,,881.8898,881.8899,0.856944444,0.194444444,0,0,0,,0,432,432,259,1,juego,,,
,,,,,,5ef4c07dc8437809ba661613,676192165fb32c2e1fb7aee6,67d1941936d2f129390f63a1,2025-03-12_15h03.15.026,Tarea de decisión léxica,2024.2.5,Win32,59.88023952,,,,,,,,,,,,,,,,,,,,,,,,881.8903,883.0408,l,1,0.4868,1,883.0408,883.5411,,,,,,216,FEM,NOWORD,DIS,150,raua,,el,,0.4868,,883.5411,883.5412,0.856944444,0.194444444,0,0,0,,0,433,433,215,1,raíz,,,
,,,,,,5ef4c07dc8437809ba661613,676192165fb32c2e1fb7aee6,67d1941936d2f129390f63a1,2025-03-12_15h03.15.026,Tarea de decisión léxica,2024.2.5,Win32,59.88023952,,,,,,,,,,,,,,,,,,,,,,,,883.5419,884.6086,a,1,0.4113,1,884.6087,885.109,,,,,,331,MAS,WORD,DIS,150,éxito,,la,,0.4113,,885.1095,885.1098,0.856944444,0.194444444,0,0,0,,0,434,434,330,1,erato,,,
,,,,,,5ef4c07dc8437809ba661613,676192165fb32c2e1fb7aee6,67d1941936d2f129390f63a1,2025-03-12_15h03.15.026,Tarea de decisión léxica,2024.2.5,Win32,59.88023952,,,,,,,,,,,,,,,,,,,,,,,,885.1101,886.1599,l,1,0.372,1,886.1599,886.6602,,,,,,204,FEM,NOWORD,DIS,150,beja,,el,,0.372,,886.6602,886.6604,0.856944444,0.194444444,0,0,0,,0,435,435,203,1,leña,,,
,,,,,,5ef4c07dc8437809ba661613,676192165fb32c2e1fb7aee6,67d1941936d2f129390f63a1,2025-03-12_15h03.15.026,Tarea de decisión léxica,2024.2.5,Win32,59.88023952,,,,,,,,,,,,,,,,,,,,,,,,886.6608,887.8112,l,1,0.4841,1,887.8112,888.3115,,,,,,168,FEM,NOWORD,DIS,150,zifa,,el,,0.4841,,888.3115,888.3116,0.856944444,0.194444444,0,0,0,,0,436,436,167,1,jefa,,,
,,,,,,5ef4c07dc8437809ba661613,676192165fb32c2e1fb7aee6,67d1941936d2f129390f63a1,2025-03-12_15h03.15.026,Tarea de decisión léxica,2024.2.5,Win32,59.88023952,,,,,,,,,,,,,,,,,,,,,,,,888.3121,889.3959,l,1,0.4167,1,889.3959,889.8962,,,,,,428,FEM,NOWORD,DIS,150,oseva,,el,,0.4167,,889.8962,889.8962,0.856944444,0.194444444,0,0,0,,0,437,437,427,1,oreja,,,
,,,,,,5ef4c07dc8437809ba661613,676192165fb32c2e1fb7aee6,67d1941936d2f129390f63a1,2025-03-12_15h03.15.026,Tarea de decisión léxica,2024.2.5,Win32,59.88023952,,,,,,,,,,,,,,,,,,,,,,,,889.8967,890.8137,a,0,0.2562,0,890.814,891.314,,,,,,276,MAS,NOWORD,DIS,150,musto,,la,,0.2562,,891.3141,891.3141,0.856944444,0.194444444,0,0,0,,0,438,438,275,1,punto,,,
,,,,,,5ef4c07dc8437809ba661613,676192165fb32c2e1fb7aee6,67d1941936d2f129390f63a1,2025-03-12_15h03.15.026,Tarea de decisión léxica,2024.2.5,Win32,59.88023952,,,,,,,,,,,,,,,,,,,,,,,,891.3145,892.3315,a,1,0.3504,1,892.3318,892.8319,,,,,,299,FEM,WORD,DIS,150,bolsa,,el,,0.3504,,892.8323,892.8326,0.856944444,0.194444444,0,0,0,,0,439,439,298,1,bosga,,,
,,,,,,5ef4c07dc8437809ba661613,676192165fb32c2e1fb7aee6,67d1941936d2f129390f63a1,2025-03-12_15h03.15.026,Tarea de decisión léxica,2024.2.5,Win32,59.88023952,,,,,,,,,,,,,,,,,,,,,,,,892.833,893.8494,l,1,0.3453,1,893.8495,894.3497,,,,,,330,MAS,NOWORD,AGR,150,nueno,,el,,0.3453,,894.3497,894.3498,0.856944444,0.194444444,0,0,0,,0,440,440,329,1,hueso,,,
,,,,,,5ef4c07dc8437809ba661613,676192165fb32c2e1fb7aee6,67d1941936d2f129390f63a1,2025-03-12_15h03.15.026,Tarea de decisión léxica,2024.2.5,Win32,59.88023952,,,,,,,,,,,,,,,,,,,,,,,,894.3504,895.4173,l,1,0.4026,1,895.4174,895.9177,,,,,,142,FEM,NOWORD,AGR,150,sina,,la,,0.4026,,895.9177,895.9178,0.856944444,0.194444444,0,0,0,,0,441,441,141,1,cruz,,,
,,,,,,5ef4c07dc8437809ba661613,676192165fb32c2e1fb7aee6,67d1941936d2f129390f63a1,2025-03-12_15h03.15.026,Tarea de decisión léxica,2024.2.5,Win32,59.88023952,,,,,,,,,,,,,,,,,,,,,,,,895.9183,896.9352,l,1,0.3491,1,896.9352,897.4356,,,,,,316,FEM,NOWORD,DIS,150,riosa,,el,,0.3491,,897.4356,897.4356,0.856944444,0.194444444,0,0,0,,0,442,442,315,1,reina,,,
,,,,,,5ef4c07dc8437809ba661613,676192165fb32c2e1fb7aee6,67d1941936d2f129390f63a1,2025-03-12_15h03.15.026,Tarea de decisión léxica,2024.2.5,Win32,59.88023952,,,,,,,,,,,,,,,,,,,,,,,,897.4361,898.3864,l,1,0.2929,1,898.3864,898.8868,,,,,,28,MAS,NOWORD,DIS,150,ravo,,la,,0.2929,,898.8873,898.8876,0.856944444,0.194444444,0,0,0,,0,443,443,27,1,baño,,,
,,,,,,5ef4c07dc8437809ba661613,676192165fb32c2e1fb7aee6,67d1941936d2f129390f63a1,2025-03-12_15h03.15.026,Tarea de decisión léxica,2024.2.5,Win32,59.88023952,,,,,,,,,,,,,,,,,,,,,,,,898.8879,899.8542,l,1,0.2836,1,899.8542,900.3545,,,,,,362,FEM,NOWORD,AGR,150,solle,,la,,0.2836,,900.3546,900.3546,0.856944444,0.194444444,0,0,0,,0,444,444,361,1,torre,,,
,,,,,,5ef4c07dc8437809ba661613,676192165fb32c2e1fb7aee6,67d1941936d2f129390f63a1,2025-03-12_15h03.15.026,Tarea de decisión léxica,2024.2.5,Win32,59.88023952,,,,,,,,,,,,,,,,,,,,,,,,900.355,901.3721,a,1,0.3498,1,901.3721,901.8724,,,,,,29,MAS,WORD,DIS,150,modo,,la,,0.3498,,901.8724,901.8725,0.856944444,0.194444444,0,0,0,,0,445,445,28,1,pono,,,
,,,,,,5ef4c07dc8437809ba661613,676192165fb32c2e1fb7aee6,67d1941936d2f129390f63a1,2025-03-12_15h03.15.026,Tarea de decisión léxica,2024.2.5,Win32,59.88023952,,,,,,,,,,,,,,,,,,,,,,,,901.873,902.8899,l,0,0.3598,0,902.8903,903.3904,,,,,,399,MAS,WORD,DIS,150,techo,,la,,0.3598,,903.3904,903.3904,0.856944444,0.194444444,0,0,0,,0,446,446,398,1,serro,,,
,,,,,,5ef4c07dc8437809ba661613,676192165fb32c2e1fb7aee6,67d1941936d2f129390f63a1,2025-03-12_15h03.15.026,Tarea de decisión léxica,2024.2.5,Win32,59.88023952,,,,,,,,,,,,,,,,,,,,,,,,903.3908,904.4578,l,1,0.4022,1,904.4581,904.9583,,,,,,6,FEM,NOWORD,AGR,150,poga,,la,,0.4022,,904.9583,904.9584,0.856944444,0.194444444,0,0,0,,0,447,447,5,1,cosa,,,
,,,,,,5ef4c07dc8437809ba661613,676192165fb32c2e1fb7aee6,67d1941936d2f129390f63a1,2025-03-12_15h03.15.026,Tarea de decisión léxica,2024.2.5,Win32,59.88023952,,,,,,,,,,,,,,,,,,,,,,,,904.9588,906.0424,a,0,0.4182,0,906.0428,906.5428,,,,,,144,MAS,NOWORD,DIS,150,pezo,,la,,0.4182,,906.5433,906.5436,0.856944444,0.194444444,0,0,0,,0,448,448,143,1,pavo,,,
,,,,,,5ef4c07dc8437809ba661613,676192165fb32c2e1fb7aee6,67d1941936d2f129390f63a1,2025-03-12_15h03.15.026,Tarea de decisión léxica,2024.2.5,Win32,59.88023952,,,,,,,,,,,,,,,,,,,,,,,,906.5439,907.5604,a,1,0.3356,1,907.5608,908.0608,,,,,,99,MAS,WORD,AGR,150,lobo,,el,,0.3356,,908.0608,908.0608,0.856944444,0.194444444,0,0,0,,0,449,449,98,1,soro,,,
,,,,,,5ef4c07dc8437809ba661613,676192165fb32c2e1fb7aee6,67d1941936d2f129390f63a1,2025-03-12_15h03.15.026,Tarea de decisión léxica,2024.2.5,Win32,59.88023952,,,,,,,,,,,,,,,,,,,,,,,,908.0614,909.0782,l,1,0.3555,1,909.0783,909.5786,,,,,,342,MAS,NOWORD,AGR,150,daror,,el,,0.3555,,909.5787,909.5787,0.856944444,0.194444444,0,0,0,,0,450,450,341,1,valor,,,
,,,,,,5ef4c07dc8437809ba661613,676192165fb32c2e1fb7aee6,67d1941936d2f129390f63a1,2025-03-12_15h03.15.026,Tarea de decisión léxica,2024.2.5,Win32,59.88023952,,,,,,,,,,,,,,,,,,,,,,,,909.5791,910.6462,a,1,0.4058,1,910.6462,911.1466,,,,,,273,FEM,WORD,AGR,150,broma,,la,,0.4058,,911.1466,911.1466,0.856944444,0.194444444,0,0,0,,0,451,451,272,1,frosa,,,
,,,,,,5ef4c07dc8437809ba661613,676192165fb32c2e1fb7aee6,67d1941936d2f129390f63a1,2025-03-12_15h03.15.026,Tarea de decisión léxica,2024.2.5,Win32,59.88023952,,,,,,,,,,,,,,,,,,,,,,,,911.1471,912.2141,l,1,0.4004,1,912.2142,912.7145,,,,,,410,MAS,NOWORD,AGR,150,pafro,,el,,0.4004,,912.7145,912.7145,0.856944444,0.194444444,0,0,0,,0,452,452,409,1,carro,,,
,,,,,,5ef4c07dc8437809ba661613,676192165fb32c2e1fb7aee6,67d1941936d2f129390f63a1,2025-03-12_15h03.15.026,Tarea de decisión léxica,2024.2.5,Win32,59.88023952,,,,,,,,,,,,,,,,,,,,,,,,912.715,913.8321,l,1,0.4539,1,913.8321,914.3324,,,,,,24,FEM,NOWORD,DIS,150,giva,,el,,0.4539,,914.3329,914.3333,0.856944444,0.194444444,0,0,0,,0,453,453,23,1,hija,,,
,,,,,,5ef4c07dc8437809ba661613,676192165fb32c2e1fb7aee6,67d1941936d2f129390f63a1,2025-03-12_15h03.15.026,Tarea de decisión léxica,2024.2.5,Win32,59.88023952,,,,,,,,,,,,,,,,,,,,,,,,914.3336,915.4,a,1,0.3944,1,915.4,915.9003,,,,,,269,MAS,WORD,DIS,150,perro,,la,,0.3944,,915.9004,915.9005,0.856944444,0.194444444,0,0,0,,0,454,454,268,1,mello,,,
,,,,,,5ef4c07dc8437809ba661613,676192165fb32c2e1fb7aee6,67d1941936d2f129390f63a1,2025-03-12_15h03.15.026,Tarea de decisión léxica,2024.2.5,Win32,59.88023952,,,,,,,,,,,,,,,,,,,,,,,,915.901,917.0846,l,1,0.516,1,917.0847,917.5851,,,,,,178,MAS,NOWORD,AGR,150,bito,,el,,0.516,,917.5851,917.5852,0.856944444,0.194444444,0,0,0,,0,455,455,177,1,reto,,,
,,,,,,5ef4c07dc8437809ba661613,676192165fb32c2e1fb7aee6,67d1941936d2f129390f63a1,2025-03-12_15h03.15.026,Tarea de decisión léxica,2024.2.5,Win32,59.88023952,,,,,,,,,,,,,,,,,,,,,,,,917.5857,918.6195,a,1,0.3519,1,918.6195,919.1198,,,,,,49,FEM,WORD,AGR,150,edad,,la,,0.3519,,919.1198,919.1199,0.856944444,0.194444444,0,0,0,,0,456,456,48,1,ecat,,,
,,,,,,5ef4c07dc8437809ba661613,676192165fb32c2e1fb7aee6,67d1941936d2f129390f63a1,2025-03-12_15h03.15.026,Tarea de decisión léxica,2024.2.5,Win32,59.88023952,,,,,,,,,,,,,,,,,,,,,,,,919.1203,920.1704,a,1,0.3918,1,920.1704,920.6709,,,,,,321,MAS,WORD,AGR,150,banco,,el,,0.3918,,920.6709,920.6709,0.856944444,0.194444444,0,0,0,,0,457,457,320,1,rarco,,,
,,,,,,5ef4c07dc8437809ba661613,676192165fb32c2e1fb7aee6,67d1941936d2f129390f63a1,2025-03-12_15h03.15.026,Tarea de decisión léxica,2024.2.5,Win32,59.88023952,,,,,,,,,,,,,,,,,,,,,,,,920.6714,921.7056,l,1,0.3775,1,921.7056,922.2054,,,,,,176,FEM,NOWORD,DIS,150,hosa,,el,,0.3775,,922.206,922.2063,0.856944444,0.194444444,0,0,0,,0,458,458,175,1,goma,,,
,,,,,,5ef4c07dc8437809ba661613,676192165fb32c2e1fb7aee6,67d1941936d2f129390f63a1,2025-03-12_15h03.15.026,Tarea de decisión léxica,2024.2.5,Win32,59.88023952,,,,,,,,,,,,,,,,,,,,,,,,922.2065,923.3564,l,1,0.4678,1,923.3564,923.8568,,,,,,190,MAS,NOWORD,AGR,150,muvo,,el,,0.4678,,923.8568,923.8568,0.856944444,0.194444444,0,0,0,,0,459,459,189,1,puño,,,
,,,,,,5ef4c07dc8437809ba661613,676192165fb32c2e1fb7aee6,67d1941936d2f129390f63a1,2025-03-12_15h03.15.026,Tarea de decisión léxica,2024.2.5,Win32,59.88023952,,,,,,,,,,,,,,,,,,,,,,,,923.8573,924.8743,a,1,0.3515,1,924.8743,925.3746,,,,,,421,MAS,WORD,AGR,150,primo,,el,,0.3515,,925.3746,925.3747,0.856944444,0.194444444,0,0,0,,0,460,460,420,1,griso,,,
,,,,,,5ef4c07dc8437809ba661613,676192165fb32c2e1fb7aee6,67d1941936d2f129390f63a1,2025-03-12_15h03.15.026,Tarea de decisión léxica,2024.2.5,Win32,59.88023952,,,,,,,,,,,,,,,,,,,,,,,,925.3752,926.3588,l,1,0.3218,1,926.3588,926.8592,,,,,,304,MAS,NOWORD,DIS,150,lanco,,la,,0.3218,,926.8592,926.8593,0.856944444,0.194444444,0,0,0,,0,461,461,303,1,barco,,,
,,,,,,5ef4c07dc8437809ba661613,676192165fb32c2e1fb7aee6,67d1941936d2f129390f63a1,2025-03-12_15h03.15.026,Tarea de decisión léxica,2024.2.5,Win32,59.88023952,,,,,,,,,,,,,,,,,,,,,,,,926.8598,927.9099,a,1,0.3892,1,927.91,928.4104,,,,,,363,FEM,WORD,DIS,150,deuda,,el,,0.3892,,928.4104,928.4104,0.856944444,0.194444444,0,0,0,,0,462,462,362,1,veida,,,
,,,,,,5ef4c07dc8437809ba661613,676192165fb32c2e1fb7aee6,67d1941936d2f129390f63a1,2025-03-12_15h03.15.026,Tarea de decisión léxica,2024.2.5,Win32,59.88023952,,,,,,,,,,,,,,,,,,,,,,,,928.4109,929.3612,l,1,0.294,1,929.3612,929.8616,,,,,,248,FEM,NOWORD,DIS,150,trida,,el,,0.294,,929.862,929.8623,0.856944444,0.194444444,0,0,0,,0,463,463,247,1,chica,,,
,,,,,,5ef4c07dc8437809ba661613,676192165fb32c2e1fb7aee6,67d1941936d2f129390f63a1,2025-03-12_15h03.15.026,Tarea de decisión léxica,2024.2.5,Win32,59.88023952,,,,,,,,,,,,,,,,,,,,,,,,929.8626,930.7956,a,1,0.2515,1,930.7957,931.296,,,,,,15,FEM,WORD,DIS,150,idea,,el,,0.2515,,931.296,931.296,0.856944444,0.194444444,0,0,0,,0,464,464,14,1,odea,,,
,,,,,,5ef4c07dc8437809ba661613,676192165fb32c2e1fb7aee6,67d1941936d2f129390f63a1,2025-03-12_15h03.15.026,Tarea de decisión léxica,2024.2.5,Win32,59.88023952,,,,,,,,,,,,,,,,,,,,,,,,931.2966,932.2468,l,1,0.2964,1,932.2469,932.7471,,,,,,80,FEM,NOWORD,DIS,150,ciel,,el,,0.2964,,932.7472,932.7472,0.856944444,0.194444444,0,0,0,,0,465,465,79,1,piel,,,
,,,,,,5ef4c07dc8437809ba661613,676192165fb32c2e1fb7aee6,67d1941936d2f129390f63a1,2025-03-12_15h03.15.026,Tarea de decisión léxica,2024.2.5,Win32,59.88023952,,,,,,,,,,,,,,,,,,,,,,,,932.7477,933.798,l,1,0.3882,1,933.798,934.2984,,,,,,350,MAS,NOWORD,AGR,150,cosir,,el,,0.3882,,934.2984,934.2985,0.856944444,0.194444444,0,0,0,,0,466,466,349,1,color,,,
,,,,,,5ef4c07dc8437809ba661613,676192165fb32c2e1fb7aee6,67d1941936d2f129390f63a1,2025-03-12_15h03.15.026,Tarea de decisión léxica,2024.2.5,Win32,59.88023952,,,,,,,,,,,,,,,,,,,,,,,,934.299,935.3159,a,1,0.3579,1,935.3159,935.8163,,,,,,151,MAS,WORD,DIS,150,tomo,,la,,0.3579,,935.8168,935.8171,0.856944444,0.194444444,0,0,0,,0,467,467,150,1,sogo,,,
,,,,,,5ef4c07dc8437809ba661613,676192165fb32c2e1fb7aee6,67d1941936d2f129390f63a1,2025-03-12_15h03.15.026,Tarea de decisión léxica,2024.2.5,Win32,59.88023952,,,,,,,,,,,,,,,,,,,,,,,,935.8174,936.9339,a,1,0.4408,1,936.9339,937.4342,,,,,,125,MAS,WORD,AGR,150,lujo,,el,,0.4408,,937.4343,937.4344,0.856944444,0.194444444,0,0,0,,0,468,468,124,1,vudo,,,
,,,,,,5ef4c07dc8437809ba661613,676192165fb32c2e1fb7aee6,67d1941936d2f129390f63a1,2025-03-12_15h03.15.026,Tarea de decisión léxica,2024.2.5,Win32,59.88023952,,,,,,,,,,,,,,,,,,,,,,,,937.4349,938.4685,l,1,0.374,1,938.4685,938.969,,,,,,4,FEM,NOWORD,DIS,150,dica,,el,,0.374,,938.9691,938.9691,0.856944444,0.194444444,0,0,0,,0,469,469,3,1,vida,,,
,,,,,,5ef4c07dc8437809ba661613,676192165fb32c2e1fb7aee6,67d1941936d2f129390f63a1,2025-03-12_15h03.15.026,Tarea de decisión léxica,2024.2.5,Win32,59.88023952,,,,,,,,,,,,,,,,,,,,,,,,938.9695,940.1364,a,1,0.5035,1,940.1365,940.6369,,,,,,23,FEM,WORD,DIS,150,hija,,el,,0.5035,,940.6369,940.6369,0.856944444,0.194444444,0,0,0,,0,470,470,22,1,giva,,,
,,,,,,5ef4c07dc8437809ba661613,676192165fb32c2e1fb7aee6,67d1941936d2f129390f63a1,2025-03-12_15h03.15.026,Tarea de decisión léxica,2024.2.5,Win32,59.88023952,,,,,,,,,,,,,,,,,,,,,,,,940.6374,941.7211,l,1,0.4185,1,941.7211,942.2215,,,,,,180,MAS,NOWORD,DIS,150,sono,,la,,0.4185,,942.2215,942.2215,0.856944444,0.194444444,0,0,0,,0,471,471,179,1,toro,,,
,,,,,,5ef4c07dc8437809ba661613,676192165fb32c2e1fb7aee6,67d1941936d2f129390f63a1,2025-03-12_15h03.15.026,Tarea de decisión léxica,2024.2.5,Win32,59.88023952,,,,,,,,,,,,,,,,,,,,,,,,942.222,943.239,a,1,0.3539,1,943.239,943.7393,,,,,,139,MAS,WORD,DIS,150,mago,,la,,0.3539,,943.7398,943.7401,0.856944444,0.194444444,0,0,0,,0,472,472,138,1,nila,,,
,,,,,,5ef4c07dc8437809ba661613,676192165fb32c2e1fb7aee6,67d1941936d2f129390f63a1,2025-03-12_15h03.15.026,Tarea de decisión léxica,2024.2.5,Win32,59.88023952,,,,,,,,,,,,,,,,,,,,,,,,943.7404,944.8736,l,1,0.4538,1,944.8736,945.374,,,,,,182,FEM,NOWORD,AGR,150,teda,,la,,0.4538,,945.374,945.374,0.856944444,0.194444444,0,0,0,,0,473,473,181,1,seda,,,
,,,,,,5ef4c07dc8437809ba661613,676192165fb32c2e1fb7aee6,67d1941936d2f129390f63a1,2025-03-12_15h03.15.026,Tarea de decisión léxica,2024.2.5,Win32,59.88023952,,,,,,,,,,,,,,,,,,,,,,,,945.3745,946.4081,l,1,0.3785,1,946.4081,946.9085,,,,,,318,FEM,NOWORD,AGR,150,plaad,,la,,0.3785,,946.9086,946.9086,0.856944444,0.194444444,0,0,0,,0,474,474,317,1,playa,,,
,,,,,,5ef4c07dc8437809ba661613,676192165fb32c2e1fb7aee6,67d1941936d2f129390f63a1,2025-03-12_15h03.15.026,Tarea de decisión léxica,2024.2.5,Win32,59.88023952,,,,,,,,,,,,,,,,,,,,,,,,946.909,947.926,l,1,0.3548,1,947.926,948.4264,,,,,,312,MAS,NOWORD,DIS,150,nosor,,la,,0.3548,,948.4264,948.4265,0.856944444,0.194444444,0,0,0,,0,475,475,311,1,honor,,,
,,,,,,5ef4c07dc8437809ba661613,676192165fb32c2e1fb7aee6,67d1941936d2f129390f63a1,2025-03-12_15h03.15.026,Tarea de decisión léxica,2024.2.5,Win32,59.88023952,,,,,,,,,,,,,,,,,,,,,,,,948.4269,949.4773,l,1,0.3837,1,949.4773,949.9776,,,,,,338,MAS,NOWORD,AGR,150,nuejo,,el,,0.3837,,949.9777,949.9778,0.856944444,0.194444444,0,0,0,,0,476,476,337,1,huevo,,,
,,,,,,5ef4c07dc8437809ba661613,676192165fb32c2e1fb7aee6,67d1941936d2f129390f63a1,2025-03-12_15h03.15.026,Tarea de decisión léxica,2024.2.5,Win32,59.88023952,,,,,,,,,,,,,,,,,,,,,,,,949.9782,951.1119,a,1,0.4778,1,951.1119,951.6123,,,,,,205,FEM,WORD,DIS,150,rana,,el,,0.4778,,951.6128,951.6131,0.856944444,0.194444444,0,0,0,,0,477,477,204,1,bara,,,
,,,,,,5ef4c07dc8437809ba661613,676192165fb32c2e1fb7aee6,67d1941936d2f129390f63a1,2025-03-12_15h03.15.026,Tarea de decisión léxica,2024.2.5,Win32,59.88023952,,,,,,,,,,,,,,,,,,,,,,,,951.6133,952.5964,l,1,0.3087,1,952.5965,953.0968,,,,,,272,FEM,NOWORD,DIS,150,refal,,el,,0.3087,,953.0969,953.0969,0.856944444,0.194444444,0,0,0,,0,478,478,271,1,señal,,,
,,,,,,5ef4c07dc8437809ba661613,676192165fb32c2e1fb7aee6,67d1941936d2f129390f63a1,2025-03-12_15h03.15.026,Tarea de decisión léxica,2024.2.5,Win32,59.88023952,,,,,,,,,,,,,,,,,,,,,,,,953.0974,954.0642,a,1,0.3115,1,954.0642,954.5647,,,,,,131,FEM,WORD,AGR,150,mina,,la,,0.3115,,954.5647,954.5647,0.856944444,0.194444444,0,0,0,,0,479,479,130,1,fada,,,
,,,,,,5ef4c07dc8437809ba661613,676192165fb32c2e1fb7aee6,67d1941936d2f129390f63a1,2025-03-12_15h03.15.026,Tarea de decisión léxica,2024.2.5,Win32,59.88023952,,,,,,,,,,,,,,,,,,,,,,,,,,,,,,,,,,,,,,,,,,,,,,,,,,,,,,,,,,,,,,,954.565,959.5688
